2023/06/27-15:20:36.862314 7ff94dc42700 RocksDB version: 6.25.3
2023/06/27-15:20:36.869593 7ff94dc42700 Compile date 2021-10-26 19:09:28
2023/06/27-15:20:36.869617 7ff94dc42700 DB SUMMARY
2023/06/27-15:20:36.869621 7ff94dc42700 DB Session ID:  5IFA9CKOIMNEWWDK2SOX
2023/06/27-15:20:36.873090 7ff94dc42700 SST files in /data/default/data_backlinks/url dir, Total Num: 0, files: 
2023/06/27-15:20:36.873110 7ff94dc42700 Write Ahead Log file in /data/default/data_backlinks/url: 
2023/06/27-15:20:36.873116 7ff94dc42700                         Options.error_if_exists: 0
2023/06/27-15:20:36.873119 7ff94dc42700                       Options.create_if_missing: 1
2023/06/27-15:20:36.873122 7ff94dc42700                         Options.paranoid_checks: 1
2023/06/27-15:20:36.873125 7ff94dc42700             Options.flush_verify_memtable_count: 1
2023/06/27-15:20:36.873127 7ff94dc42700                               Options.track_and_verify_wals_in_manifest: 0
2023/06/27-15:20:36.873130 7ff94dc42700                                     Options.env: 0x7ff8ebbd96e0
2023/06/27-15:20:36.873133 7ff94dc42700                                      Options.fs: Posix File System
2023/06/27-15:20:36.873136 7ff94dc42700                                Options.info_log: 0x7ff948aafc10
2023/06/27-15:20:36.873138 7ff94dc42700                Options.max_file_opening_threads: 16
2023/06/27-15:20:36.873193 7ff94dc42700                              Options.statistics: (nil)
2023/06/27-15:20:36.873200 7ff94dc42700                               Options.use_fsync: 0
2023/06/27-15:20:36.873202 7ff94dc42700                       Options.max_log_file_size: 0
2023/06/27-15:20:36.873205 7ff94dc42700                  Options.max_manifest_file_size: 1073741824
2023/06/27-15:20:36.873209 7ff94dc42700                   Options.log_file_time_to_roll: 0
2023/06/27-15:20:36.873212 7ff94dc42700                       Options.keep_log_file_num: 1000
2023/06/27-15:20:36.873214 7ff94dc42700                    Options.recycle_log_file_num: 0
2023/06/27-15:20:36.873217 7ff94dc42700                         Options.allow_fallocate: 1
2023/06/27-15:20:36.873220 7ff94dc42700                        Options.allow_mmap_reads: 0
2023/06/27-15:20:36.873222 7ff94dc42700                       Options.allow_mmap_writes: 0
2023/06/27-15:20:36.873225 7ff94dc42700                        Options.use_direct_reads: 0
2023/06/27-15:20:36.873228 7ff94dc42700                        Options.use_direct_io_for_flush_and_compaction: 0
2023/06/27-15:20:36.873230 7ff94dc42700          Options.create_missing_column_families: 0
2023/06/27-15:20:36.873233 7ff94dc42700                              Options.db_log_dir: 
2023/06/27-15:20:36.873235 7ff94dc42700                                 Options.wal_dir: 
2023/06/27-15:20:36.873238 7ff94dc42700                Options.table_cache_numshardbits: 6
2023/06/27-15:20:36.873241 7ff94dc42700                         Options.WAL_ttl_seconds: 0
2023/06/27-15:20:36.873243 7ff94dc42700                       Options.WAL_size_limit_MB: 0
2023/06/27-15:20:36.873246 7ff94dc42700                        Options.max_write_batch_group_size_bytes: 1048576
2023/06/27-15:20:36.873249 7ff94dc42700             Options.manifest_preallocation_size: 4194304
2023/06/27-15:20:36.873251 7ff94dc42700                     Options.is_fd_close_on_exec: 1
2023/06/27-15:20:36.873254 7ff94dc42700                   Options.advise_random_on_open: 1
2023/06/27-15:20:36.873257 7ff94dc42700                   Options.experimental_mempurge_threshold: 0.000000
2023/06/27-15:20:36.873263 7ff94dc42700                    Options.db_write_buffer_size: 0
2023/06/27-15:20:36.873266 7ff94dc42700                    Options.write_buffer_manager: 0x7ff948aafd30
2023/06/27-15:20:36.873268 7ff94dc42700         Options.access_hint_on_compaction_start: 1
2023/06/27-15:20:36.873271 7ff94dc42700  Options.new_table_reader_for_compaction_inputs: 0
2023/06/27-15:20:36.873273 7ff94dc42700           Options.random_access_max_buffer_size: 1048576
2023/06/27-15:20:36.873276 7ff94dc42700                      Options.use_adaptive_mutex: 0
2023/06/27-15:20:36.873279 7ff94dc42700                            Options.rate_limiter: (nil)
2023/06/27-15:20:36.876732 7ff94dc42700     Options.sst_file_manager.rate_bytes_per_sec: 0
2023/06/27-15:20:36.876750 7ff94dc42700                       Options.wal_recovery_mode: 2
2023/06/27-15:20:36.876753 7ff94dc42700                  Options.enable_thread_tracking: 0
2023/06/27-15:20:36.876756 7ff94dc42700                  Options.enable_pipelined_write: 0
2023/06/27-15:20:36.876758 7ff94dc42700                  Options.unordered_write: 0
2023/06/27-15:20:36.876761 7ff94dc42700         Options.allow_concurrent_memtable_write: 1
2023/06/27-15:20:36.876763 7ff94dc42700      Options.enable_write_thread_adaptive_yield: 1
2023/06/27-15:20:36.876766 7ff94dc42700             Options.write_thread_max_yield_usec: 100
2023/06/27-15:20:36.876769 7ff94dc42700            Options.write_thread_slow_yield_usec: 3
2023/06/27-15:20:36.876771 7ff94dc42700                               Options.row_cache: None
2023/06/27-15:20:36.876774 7ff94dc42700                              Options.wal_filter: None
2023/06/27-15:20:36.876777 7ff94dc42700             Options.avoid_flush_during_recovery: 0
2023/06/27-15:20:36.876779 7ff94dc42700             Options.allow_ingest_behind: 0
2023/06/27-15:20:36.876782 7ff94dc42700             Options.preserve_deletes: 0
2023/06/27-15:20:36.876785 7ff94dc42700             Options.two_write_queues: 0
2023/06/27-15:20:36.876787 7ff94dc42700             Options.manual_wal_flush: 0
2023/06/27-15:20:36.876790 7ff94dc42700             Options.atomic_flush: 0
2023/06/27-15:20:36.876792 7ff94dc42700             Options.avoid_unnecessary_blocking_io: 0
2023/06/27-15:20:36.876795 7ff94dc42700                 Options.persist_stats_to_disk: 0
2023/06/27-15:20:36.876797 7ff94dc42700                 Options.write_dbid_to_manifest: 0
2023/06/27-15:20:36.876800 7ff94dc42700                 Options.log_readahead_size: 0
2023/06/27-15:20:36.876803 7ff94dc42700                 Options.file_checksum_gen_factory: Unknown
2023/06/27-15:20:36.876805 7ff94dc42700                 Options.best_efforts_recovery: 0
2023/06/27-15:20:36.876808 7ff94dc42700                Options.max_bgerror_resume_count: 2147483647
2023/06/27-15:20:36.876810 7ff94dc42700            Options.bgerror_resume_retry_interval: 1000000
2023/06/27-15:20:36.876813 7ff94dc42700             Options.allow_data_in_errors: 0
2023/06/27-15:20:36.876816 7ff94dc42700             Options.db_host_id: __hostname__
2023/06/27-15:20:36.876819 7ff94dc42700             Options.max_background_jobs: 2
2023/06/27-15:20:36.876822 7ff94dc42700             Options.max_background_compactions: -1
2023/06/27-15:20:36.876824 7ff94dc42700             Options.max_subcompactions: 1
2023/06/27-15:20:36.876827 7ff94dc42700             Options.avoid_flush_during_shutdown: 0
2023/06/27-15:20:36.876830 7ff94dc42700           Options.writable_file_max_buffer_size: 1048576
2023/06/27-15:20:36.876832 7ff94dc42700             Options.delayed_write_rate : 16777216
2023/06/27-15:20:36.876835 7ff94dc42700             Options.max_total_wal_size: 0
2023/06/27-15:20:36.876837 7ff94dc42700             Options.delete_obsolete_files_period_micros: 21600000000
2023/06/27-15:20:36.876840 7ff94dc42700                   Options.stats_dump_period_sec: 600
2023/06/27-15:20:36.876843 7ff94dc42700                 Options.stats_persist_period_sec: 600
2023/06/27-15:20:36.876845 7ff94dc42700                 Options.stats_history_buffer_size: 1048576
2023/06/27-15:20:36.876848 7ff94dc42700                          Options.max_open_files: -1
2023/06/27-15:20:36.876851 7ff94dc42700                          Options.bytes_per_sync: 0
2023/06/27-15:20:36.876853 7ff94dc42700                      Options.wal_bytes_per_sync: 0
2023/06/27-15:20:36.876856 7ff94dc42700                   Options.strict_bytes_per_sync: 0
2023/06/27-15:20:36.876859 7ff94dc42700       Options.compaction_readahead_size: 0
2023/06/27-15:20:36.876861 7ff94dc42700                  Options.max_background_flushes: -1
2023/06/27-15:20:36.876864 7ff94dc42700 Compression algorithms supported:
2023/06/27-15:20:36.876876 7ff94dc42700 	kZSTDNotFinalCompression supported: 1
2023/06/27-15:20:36.880354 7ff94dc42700 	kZSTD supported: 1
2023/06/27-15:20:36.880459 7ff94dc42700 	kXpressCompression supported: 0
2023/06/27-15:20:36.880464 7ff94dc42700 	kLZ4HCCompression supported: 1
2023/06/27-15:20:36.880467 7ff94dc42700 	kLZ4Compression supported: 1
2023/06/27-15:20:36.880470 7ff94dc42700 	kBZip2Compression supported: 1
2023/06/27-15:20:36.880473 7ff94dc42700 	kZlibCompression supported: 1
2023/06/27-15:20:36.880476 7ff94dc42700 	kSnappyCompression supported: 1
2023/06/27-15:20:36.880523 7ff94dc42700 Fast CRC32 supported: Not supported on x86
2023/06/27-15:20:36.931723 7ff94dc42700 [/db_impl/db_impl_open.cc:298] Creating manifest 1 
2023/06/27-15:20:36.994836 7ff94dc42700 [/version_set.cc:4737] Recovering from manifest file: /data/default/data_backlinks/url/MANIFEST-000001
2023/06/27-15:20:37.004768 7ff94dc42700 [/column_family.cc:604] --------------- Options for column family [default]:
2023/06/27-15:20:37.004790 7ff94dc42700               Options.comparator: leveldb.BytewiseComparator
2023/06/27-15:20:37.004794 7ff94dc42700           Options.merge_operator: None
2023/06/27-15:20:37.004796 7ff94dc42700        Options.compaction_filter: None
2023/06/27-15:20:37.004798 7ff94dc42700        Options.compaction_filter_factory: None
2023/06/27-15:20:37.004801 7ff94dc42700  Options.sst_partitioner_factory: None
2023/06/27-15:20:37.004803 7ff94dc42700         Options.memtable_factory: SkipListFactory
2023/06/27-15:20:37.004806 7ff94dc42700            Options.table_factory: BlockBasedTable
2023/06/27-15:20:37.004852 7ff94dc42700            table_factory options:   flush_block_policy_factory: FlushBlockBySizePolicyFactory (0x7ff948aad5b0)
  cache_index_and_filter_blocks: 0
  cache_index_and_filter_blocks_with_high_priority: 1
  pin_l0_filter_and_index_blocks_in_cache: 0
  pin_top_level_index_and_filter: 1
  index_type: 0
  data_block_index_type: 0
  index_shortening: 1
  data_block_hash_table_util_ratio: 0.750000
  hash_index_allow_collision: 1
  checksum: 1
  no_block_cache: 0
  block_cache: 0x7ff948a801a0
  block_cache_name: LRUCache
  block_cache_options:
    capacity : 8388608
    num_shard_bits : 4
    strict_capacity_limit : 0
    memory_allocator : None
    high_pri_pool_ratio: 0.000
  block_cache_compressed: (nil)
  persistent_cache: (nil)
  block_size: 4096
  block_size_deviation: 10
  block_restart_interval: 16
  index_block_restart_interval: 1
  metadata_block_size: 4096
  partition_filters: 0
  use_delta_encoding: 1
  filter_policy: nullptr
  whole_key_filtering: 1
  verify_compression: 0
  read_amp_bytes_per_bit: 0
  format_version: 5
  enable_index_compression: 1
  block_align: 0
  max_auto_readahead_size: 262144
  prepopulate_block_cache: 0
2023/06/27-15:20:37.004856 7ff94dc42700        Options.write_buffer_size: 67108864
2023/06/27-15:20:37.004858 7ff94dc42700  Options.max_write_buffer_number: 2
2023/06/27-15:20:37.004861 7ff94dc42700          Options.compression: Snappy
2023/06/27-15:20:37.004863 7ff94dc42700                  Options.bottommost_compression: Disabled
2023/06/27-15:20:37.004866 7ff94dc42700       Options.prefix_extractor: nullptr
2023/06/27-15:20:37.004868 7ff94dc42700   Options.memtable_insert_with_hint_prefix_extractor: nullptr
2023/06/27-15:20:37.004870 7ff94dc42700             Options.num_levels: 7
2023/06/27-15:20:37.004872 7ff94dc42700        Options.min_write_buffer_number_to_merge: 1
2023/06/27-15:20:37.004874 7ff94dc42700     Options.max_write_buffer_number_to_maintain: 0
2023/06/27-15:20:37.004876 7ff94dc42700     Options.max_write_buffer_size_to_maintain: 0
2023/06/27-15:20:37.004879 7ff94dc42700            Options.bottommost_compression_opts.window_bits: -14
2023/06/27-15:20:37.004881 7ff94dc42700                  Options.bottommost_compression_opts.level: 32767
2023/06/27-15:20:37.004883 7ff94dc42700               Options.bottommost_compression_opts.strategy: 0
2023/06/27-15:20:37.004886 7ff94dc42700         Options.bottommost_compression_opts.max_dict_bytes: 0
2023/06/27-15:20:37.004888 7ff94dc42700         Options.bottommost_compression_opts.zstd_max_train_bytes: 0
2023/06/27-15:20:37.006830 7ff94dc42700         Options.bottommost_compression_opts.parallel_threads: 1
2023/06/27-15:20:37.006843 7ff94dc42700                  Options.bottommost_compression_opts.enabled: false
2023/06/27-15:20:37.006845 7ff94dc42700         Options.bottommost_compression_opts.max_dict_buffer_bytes: 0
2023/06/27-15:20:37.006847 7ff94dc42700            Options.compression_opts.window_bits: -14
2023/06/27-15:20:37.006849 7ff94dc42700                  Options.compression_opts.level: 32767
2023/06/27-15:20:37.006850 7ff94dc42700               Options.compression_opts.strategy: 0
2023/06/27-15:20:37.006852 7ff94dc42700         Options.compression_opts.max_dict_bytes: 0
2023/06/27-15:20:37.006853 7ff94dc42700         Options.compression_opts.zstd_max_train_bytes: 0
2023/06/27-15:20:37.006854 7ff94dc42700         Options.compression_opts.parallel_threads: 1
2023/06/27-15:20:37.006856 7ff94dc42700                  Options.compression_opts.enabled: false
2023/06/27-15:20:37.006857 7ff94dc42700         Options.compression_opts.max_dict_buffer_bytes: 0
2023/06/27-15:20:37.006858 7ff94dc42700      Options.level0_file_num_compaction_trigger: 4
2023/06/27-15:20:37.006860 7ff94dc42700          Options.level0_slowdown_writes_trigger: 20
2023/06/27-15:20:37.006861 7ff94dc42700              Options.level0_stop_writes_trigger: 36
2023/06/27-15:20:37.006862 7ff94dc42700                   Options.target_file_size_base: 67108864
2023/06/27-15:20:37.006864 7ff94dc42700             Options.target_file_size_multiplier: 1
2023/06/27-15:20:37.006865 7ff94dc42700                Options.max_bytes_for_level_base: 268435456
2023/06/27-15:20:37.006867 7ff94dc42700 Options.level_compaction_dynamic_level_bytes: 0
2023/06/27-15:20:37.006868 7ff94dc42700          Options.max_bytes_for_level_multiplier: 10.000000
2023/06/27-15:20:37.006872 7ff94dc42700 Options.max_bytes_for_level_multiplier_addtl[0]: 1
2023/06/27-15:20:37.006874 7ff94dc42700 Options.max_bytes_for_level_multiplier_addtl[1]: 1
2023/06/27-15:20:37.006875 7ff94dc42700 Options.max_bytes_for_level_multiplier_addtl[2]: 1
2023/06/27-15:20:37.006877 7ff94dc42700 Options.max_bytes_for_level_multiplier_addtl[3]: 1
2023/06/27-15:20:37.006878 7ff94dc42700 Options.max_bytes_for_level_multiplier_addtl[4]: 1
2023/06/27-15:20:37.006879 7ff94dc42700 Options.max_bytes_for_level_multiplier_addtl[5]: 1
2023/06/27-15:20:37.006880 7ff94dc42700 Options.max_bytes_for_level_multiplier_addtl[6]: 1
2023/06/27-15:20:37.006882 7ff94dc42700       Options.max_sequential_skip_in_iterations: 8
2023/06/27-15:20:37.006883 7ff94dc42700                    Options.max_compaction_bytes: 1677721600
2023/06/27-15:20:37.006884 7ff94dc42700                        Options.arena_block_size: 1048576
2023/06/27-15:20:37.006886 7ff94dc42700   Options.soft_pending_compaction_bytes_limit: 68719476736
2023/06/27-15:20:37.006887 7ff94dc42700   Options.hard_pending_compaction_bytes_limit: 274877906944
2023/06/27-15:20:37.006889 7ff94dc42700       Options.rate_limit_delay_max_milliseconds: 100
2023/06/27-15:20:37.006890 7ff94dc42700                Options.disable_auto_compactions: 0
2023/06/27-15:20:37.006893 7ff94dc42700                        Options.compaction_style: kCompactionStyleLevel
2023/06/27-15:20:37.006894 7ff94dc42700                          Options.compaction_pri: kMinOverlappingRatio
2023/06/27-15:20:37.006896 7ff94dc42700 Options.compaction_options_universal.size_ratio: 1
2023/06/27-15:20:37.006897 7ff94dc42700 Options.compaction_options_universal.min_merge_width: 2
2023/06/27-15:20:37.006898 7ff94dc42700 Options.compaction_options_universal.max_merge_width: 4294967295
2023/06/27-15:20:37.006900 7ff94dc42700 Options.compaction_options_universal.max_size_amplification_percent: 200
2023/06/27-15:20:37.006901 7ff94dc42700 Options.compaction_options_universal.compression_size_percent: -1
2023/06/27-15:20:37.006903 7ff94dc42700 Options.compaction_options_universal.stop_style: kCompactionStopStyleTotalSize
2023/06/27-15:20:37.006904 7ff94dc42700 Options.compaction_options_fifo.max_table_files_size: 1073741824
2023/06/27-15:20:37.008473 7ff94dc42700 Options.compaction_options_fifo.allow_compaction: 0
2023/06/27-15:20:37.008494 7ff94dc42700                   Options.table_properties_collectors: 
2023/06/27-15:20:37.008497 7ff94dc42700                   Options.inplace_update_support: 0
2023/06/27-15:20:37.008500 7ff94dc42700                 Options.inplace_update_num_locks: 10000
2023/06/27-15:20:37.008502 7ff94dc42700               Options.memtable_prefix_bloom_size_ratio: 0.000000
2023/06/27-15:20:37.008507 7ff94dc42700               Options.memtable_whole_key_filtering: 0
2023/06/27-15:20:37.008509 7ff94dc42700   Options.memtable_huge_page_size: 0
2023/06/27-15:20:37.008511 7ff94dc42700                           Options.bloom_locality: 0
2023/06/27-15:20:37.008513 7ff94dc42700                    Options.max_successive_merges: 0
2023/06/27-15:20:37.008515 7ff94dc42700                Options.optimize_filters_for_hits: 0
2023/06/27-15:20:37.008517 7ff94dc42700                Options.paranoid_file_checks: 0
2023/06/27-15:20:37.008520 7ff94dc42700                Options.force_consistency_checks: 1
2023/06/27-15:20:37.008522 7ff94dc42700                Options.report_bg_io_stats: 0
2023/06/27-15:20:37.008524 7ff94dc42700                               Options.ttl: 2592000
2023/06/27-15:20:37.008526 7ff94dc42700          Options.periodic_compaction_seconds: 0
2023/06/27-15:20:37.008529 7ff94dc42700                    Options.enable_blob_files: false
2023/06/27-15:20:37.008531 7ff94dc42700                        Options.min_blob_size: 0
2023/06/27-15:20:37.008533 7ff94dc42700                       Options.blob_file_size: 268435456
2023/06/27-15:20:37.008538 7ff94dc42700                Options.blob_compression_type: NoCompression
2023/06/27-15:20:37.008542 7ff94dc42700       Options.enable_blob_garbage_collection: false
2023/06/27-15:20:37.008544 7ff94dc42700   Options.blob_garbage_collection_age_cutoff: 0.250000
2023/06/27-15:20:37.011226 7ff94dc42700 [/version_set.cc:4785] Recovered from manifest file:/data/default/data_backlinks/url/MANIFEST-000001 succeeded,manifest_file_number is 1, next_file_number is 3, last_sequence is 0, log_number is 0,prev_log_number is 0,max_column_family is 0,min_log_number_to_keep is 0
2023/06/27-15:20:37.011246 7ff94dc42700 [/version_set.cc:4794] Column family [default] (ID 0), log number is 0
2023/06/27-15:20:37.027275 7ff94dc42700 [/version_set.cc:4275] Creating manifest 4
2023/06/27-15:20:37.162539 7ff94dc42700 [/db_impl/db_impl_open.cc:1779] SstFileManager instance 0x7ff948aafdd0
2023/06/27-15:20:37.167776 7ff94dc42700 DB pointer 0x7ff948ab1540
2023/06/27-15:20:43.169093 7ff8ca7f4700 [/db_impl/db_impl.cc:1002] ------- DUMPING STATS -------
2023/06/27-15:20:43.170059 7ff8ca7f4700 [/db_impl/db_impl.cc:1003] 
** DB Stats **
Uptime(secs): 6.2 total, 6.2 interval
Cumulative writes: 0 writes, 0 keys, 0 commit groups, 0.0 writes per commit group, ingest: 0.00 GB, 0.00 MB/s
Cumulative WAL: 0 writes, 0 syncs, 0.00 writes per sync, written: 0.00 GB, 0.00 MB/s
Cumulative stall: 00:00:0.000 H:M:S, 0.0 percent
Interval writes: 0 writes, 0 keys, 0 commit groups, 0.0 writes per commit group, ingest: 0.00 MB, 0.00 MB/s
Interval WAL: 0 writes, 0 syncs, 0.00 writes per sync, written: 0.00 GB, 0.00 MB/s
Interval stall: 00:00:0.000 H:M:S, 0.0 percent

** Compaction Stats [default] **
Level    Files   Size     Score Read(GB)  Rn(GB) Rnp1(GB) Write(GB) Wnew(GB) Moved(GB) W-Amp Rd(MB/s) Wr(MB/s) Comp(sec) CompMergeCPU(sec) Comp(cnt) Avg(sec) KeyIn KeyDrop Rblob(GB) Wblob(GB)
------------------------------------------------------------------------------------------------------------------------------------------------------------------------------------------------
 Sum      0/0    0.00 KB   0.0      0.0     0.0      0.0       0.0      0.0       0.0   0.0      0.0      0.0      0.00              0.00         0    0.000       0      0       0.0       0.0
 Int      0/0    0.00 KB   0.0      0.0     0.0      0.0       0.0      0.0       0.0   0.0      0.0      0.0      0.00              0.00         0    0.000       0      0       0.0       0.0

** Compaction Stats [default] **
Priority    Files   Size     Score Read(GB)  Rn(GB) Rnp1(GB) Write(GB) Wnew(GB) Moved(GB) W-Amp Rd(MB/s) Wr(MB/s) Comp(sec) CompMergeCPU(sec) Comp(cnt) Avg(sec) KeyIn KeyDrop Rblob(GB) Wblob(GB)
---------------------------------------------------------------------------------------------------------------------------------------------------------------------------------------------------

Blob file count: 0, total size: 0.0 GB

Uptime(secs): 6.2 total, 6.2 interval
Flush(GB): cumulative 0.000, interval 0.000
AddFile(GB): cumulative 0.000, interval 0.000
AddFile(Total Files): cumulative 0, interval 0
AddFile(L0 Files): cumulative 0, interval 0
AddFile(Keys): cumulative 0, interval 0
Cumulative compaction: 0.00 GB write, 0.00 MB/s write, 0.00 GB read, 0.00 MB/s read, 0.0 seconds
Interval compaction: 0.00 GB write, 0.00 MB/s write, 0.00 GB read, 0.00 MB/s read, 0.0 seconds
Stalls(count): 0 level0_slowdown, 0 level0_slowdown_with_compaction, 0 level0_numfiles, 0 level0_numfiles_with_compaction, 0 stop for pending_compaction_bytes, 0 slowdown for pending_compaction_bytes, 0 memtable_compaction, 0 memtable_slowdown, interval 0 total count
Block cache LRUCache@0x7ff948a801a0#1 capacity: 8.00 MB collections: 1 last_copies: 0 last_secs: 4.7e-05 secs_since: 0
Block cache entry stats(count,size,portion): Misc(1,0.00 KB,0%)

** File Read Latency Histogram By Level [default] **
2023/06/27-15:22:39.990131 7ff8e8164700 [/db_impl/db_impl.cc:472] Shutdown: canceling all background work
2023/06/27-15:22:40.003461 7ff8e8164700 [/db_impl/db_impl.cc:684] Shutdown complete
