2023/06/27-15:20:37.204168 7ff94dc42700 RocksDB version: 6.25.3
2023/06/27-15:20:37.206432 7ff94dc42700 Compile date 2021-10-26 19:09:28
2023/06/27-15:20:37.206446 7ff94dc42700 DB SUMMARY
2023/06/27-15:20:37.206449 7ff94dc42700 DB Session ID:  LRO20CJTWK9XRUQHUDPO
2023/06/27-15:20:37.208476 7ff94dc42700 SST files in /data/default/data_backlinks/auth_id dir, Total Num: 0, files: 
2023/06/27-15:20:37.208488 7ff94dc42700 Write Ahead Log file in /data/default/data_backlinks/auth_id: 
2023/06/27-15:20:37.208492 7ff94dc42700                         Options.error_if_exists: 0
2023/06/27-15:20:37.208495 7ff94dc42700                       Options.create_if_missing: 1
2023/06/27-15:20:37.208498 7ff94dc42700                         Options.paranoid_checks: 1
2023/06/27-15:20:37.208500 7ff94dc42700             Options.flush_verify_memtable_count: 1
2023/06/27-15:20:37.208503 7ff94dc42700                               Options.track_and_verify_wals_in_manifest: 0
2023/06/27-15:20:37.208505 7ff94dc42700                                     Options.env: 0x7ff8ebbd96e0
2023/06/27-15:20:37.208508 7ff94dc42700                                      Options.fs: Posix File System
2023/06/27-15:20:37.208510 7ff94dc42700                                Options.info_log: 0x7ff948ad6d20
2023/06/27-15:20:37.208513 7ff94dc42700                Options.max_file_opening_threads: 16
2023/06/27-15:20:37.208515 7ff94dc42700                              Options.statistics: (nil)
2023/06/27-15:20:37.208518 7ff94dc42700                               Options.use_fsync: 0
2023/06/27-15:20:37.208521 7ff94dc42700                       Options.max_log_file_size: 0
2023/06/27-15:20:37.208523 7ff94dc42700                  Options.max_manifest_file_size: 1073741824
2023/06/27-15:20:37.208526 7ff94dc42700                   Options.log_file_time_to_roll: 0
2023/06/27-15:20:37.208528 7ff94dc42700                       Options.keep_log_file_num: 1000
2023/06/27-15:20:37.208531 7ff94dc42700                    Options.recycle_log_file_num: 0
2023/06/27-15:20:37.208533 7ff94dc42700                         Options.allow_fallocate: 1
2023/06/27-15:20:37.208536 7ff94dc42700                        Options.allow_mmap_reads: 0
2023/06/27-15:20:37.208538 7ff94dc42700                       Options.allow_mmap_writes: 0
2023/06/27-15:20:37.208541 7ff94dc42700                        Options.use_direct_reads: 0
2023/06/27-15:20:37.208543 7ff94dc42700                        Options.use_direct_io_for_flush_and_compaction: 0
2023/06/27-15:20:37.208545 7ff94dc42700          Options.create_missing_column_families: 0
2023/06/27-15:20:37.208548 7ff94dc42700                              Options.db_log_dir: 
2023/06/27-15:20:37.208550 7ff94dc42700                                 Options.wal_dir: 
2023/06/27-15:20:37.208553 7ff94dc42700                Options.table_cache_numshardbits: 6
2023/06/27-15:20:37.208555 7ff94dc42700                         Options.WAL_ttl_seconds: 0
2023/06/27-15:20:37.208557 7ff94dc42700                       Options.WAL_size_limit_MB: 0
2023/06/27-15:20:37.208560 7ff94dc42700                        Options.max_write_batch_group_size_bytes: 1048576
2023/06/27-15:20:37.208563 7ff94dc42700             Options.manifest_preallocation_size: 4194304
2023/06/27-15:20:37.208565 7ff94dc42700                     Options.is_fd_close_on_exec: 1
2023/06/27-15:20:37.208567 7ff94dc42700                   Options.advise_random_on_open: 1
2023/06/27-15:20:37.208570 7ff94dc42700                   Options.experimental_mempurge_threshold: 0.000000
2023/06/27-15:20:37.208622 7ff94dc42700                    Options.db_write_buffer_size: 0
2023/06/27-15:20:37.208628 7ff94dc42700                    Options.write_buffer_manager: 0x7ff948587210
2023/06/27-15:20:37.208630 7ff94dc42700         Options.access_hint_on_compaction_start: 1
2023/06/27-15:20:37.208632 7ff94dc42700  Options.new_table_reader_for_compaction_inputs: 0
2023/06/27-15:20:37.208635 7ff94dc42700           Options.random_access_max_buffer_size: 1048576
2023/06/27-15:20:37.208637 7ff94dc42700                      Options.use_adaptive_mutex: 0
2023/06/27-15:20:37.208640 7ff94dc42700                            Options.rate_limiter: (nil)
2023/06/27-15:20:37.213740 7ff94dc42700     Options.sst_file_manager.rate_bytes_per_sec: 0
2023/06/27-15:20:37.213801 7ff94dc42700                       Options.wal_recovery_mode: 2
2023/06/27-15:20:37.213807 7ff94dc42700                  Options.enable_thread_tracking: 0
2023/06/27-15:20:37.213811 7ff94dc42700                  Options.enable_pipelined_write: 0
2023/06/27-15:20:37.213818 7ff94dc42700                  Options.unordered_write: 0
2023/06/27-15:20:37.213823 7ff94dc42700         Options.allow_concurrent_memtable_write: 1
2023/06/27-15:20:37.213825 7ff94dc42700      Options.enable_write_thread_adaptive_yield: 1
2023/06/27-15:20:37.213828 7ff94dc42700             Options.write_thread_max_yield_usec: 100
2023/06/27-15:20:37.213830 7ff94dc42700            Options.write_thread_slow_yield_usec: 3
2023/06/27-15:20:37.213833 7ff94dc42700                               Options.row_cache: None
2023/06/27-15:20:37.213836 7ff94dc42700                              Options.wal_filter: None
2023/06/27-15:20:37.213839 7ff94dc42700             Options.avoid_flush_during_recovery: 0
2023/06/27-15:20:37.213843 7ff94dc42700             Options.allow_ingest_behind: 0
2023/06/27-15:20:37.213847 7ff94dc42700             Options.preserve_deletes: 0
2023/06/27-15:20:37.213851 7ff94dc42700             Options.two_write_queues: 0
2023/06/27-15:20:37.213857 7ff94dc42700             Options.manual_wal_flush: 0
2023/06/27-15:20:37.213859 7ff94dc42700             Options.atomic_flush: 0
2023/06/27-15:20:37.213861 7ff94dc42700             Options.avoid_unnecessary_blocking_io: 0
2023/06/27-15:20:37.213864 7ff94dc42700                 Options.persist_stats_to_disk: 0
2023/06/27-15:20:37.213868 7ff94dc42700                 Options.write_dbid_to_manifest: 0
2023/06/27-15:20:37.213872 7ff94dc42700                 Options.log_readahead_size: 0
2023/06/27-15:20:37.213874 7ff94dc42700                 Options.file_checksum_gen_factory: Unknown
2023/06/27-15:20:37.213876 7ff94dc42700                 Options.best_efforts_recovery: 0
2023/06/27-15:20:37.213878 7ff94dc42700                Options.max_bgerror_resume_count: 2147483647
2023/06/27-15:20:37.213881 7ff94dc42700            Options.bgerror_resume_retry_interval: 1000000
2023/06/27-15:20:37.213885 7ff94dc42700             Options.allow_data_in_errors: 0
2023/06/27-15:20:37.213887 7ff94dc42700             Options.db_host_id: __hostname__
2023/06/27-15:20:37.213894 7ff94dc42700             Options.max_background_jobs: 2
2023/06/27-15:20:37.213898 7ff94dc42700             Options.max_background_compactions: -1
2023/06/27-15:20:37.213900 7ff94dc42700             Options.max_subcompactions: 1
2023/06/27-15:20:37.213902 7ff94dc42700             Options.avoid_flush_during_shutdown: 0
2023/06/27-15:20:37.213904 7ff94dc42700           Options.writable_file_max_buffer_size: 1048576
2023/06/27-15:20:37.213906 7ff94dc42700             Options.delayed_write_rate : 16777216
2023/06/27-15:20:37.213909 7ff94dc42700             Options.max_total_wal_size: 0
2023/06/27-15:20:37.213911 7ff94dc42700             Options.delete_obsolete_files_period_micros: 21600000000
2023/06/27-15:20:37.213914 7ff94dc42700                   Options.stats_dump_period_sec: 600
2023/06/27-15:20:37.213916 7ff94dc42700                 Options.stats_persist_period_sec: 600
2023/06/27-15:20:37.213918 7ff94dc42700                 Options.stats_history_buffer_size: 1048576
2023/06/27-15:20:37.213921 7ff94dc42700                          Options.max_open_files: -1
2023/06/27-15:20:37.213923 7ff94dc42700                          Options.bytes_per_sync: 0
2023/06/27-15:20:37.213927 7ff94dc42700                      Options.wal_bytes_per_sync: 0
2023/06/27-15:20:37.213931 7ff94dc42700                   Options.strict_bytes_per_sync: 0
2023/06/27-15:20:37.213935 7ff94dc42700       Options.compaction_readahead_size: 0
2023/06/27-15:20:37.213938 7ff94dc42700                  Options.max_background_flushes: -1
2023/06/27-15:20:37.213942 7ff94dc42700 Compression algorithms supported:
2023/06/27-15:20:37.213950 7ff94dc42700 	kZSTDNotFinalCompression supported: 1
2023/06/27-15:20:37.217643 7ff94dc42700 	kZSTD supported: 1
2023/06/27-15:20:37.217680 7ff94dc42700 	kXpressCompression supported: 0
2023/06/27-15:20:37.217684 7ff94dc42700 	kLZ4HCCompression supported: 1
2023/06/27-15:20:37.217687 7ff94dc42700 	kLZ4Compression supported: 1
2023/06/27-15:20:37.217689 7ff94dc42700 	kBZip2Compression supported: 1
2023/06/27-15:20:37.217692 7ff94dc42700 	kZlibCompression supported: 1
2023/06/27-15:20:37.217694 7ff94dc42700 	kSnappyCompression supported: 1
2023/06/27-15:20:37.217704 7ff94dc42700 Fast CRC32 supported: Not supported on x86
2023/06/27-15:20:37.259829 7ff94dc42700 [/db_impl/db_impl_open.cc:298] Creating manifest 1 
2023/06/27-15:20:37.311463 7ff94dc42700 [/version_set.cc:4737] Recovering from manifest file: /data/default/data_backlinks/auth_id/MANIFEST-000001
2023/06/27-15:20:37.319831 7ff94dc42700 [/column_family.cc:604] --------------- Options for column family [default]:
2023/06/27-15:20:37.319847 7ff94dc42700               Options.comparator: leveldb.BytewiseComparator
2023/06/27-15:20:37.319849 7ff94dc42700           Options.merge_operator: None
2023/06/27-15:20:37.319850 7ff94dc42700        Options.compaction_filter: None
2023/06/27-15:20:37.319852 7ff94dc42700        Options.compaction_filter_factory: None
2023/06/27-15:20:37.319853 7ff94dc42700  Options.sst_partitioner_factory: None
2023/06/27-15:20:37.319855 7ff94dc42700         Options.memtable_factory: SkipListFactory
2023/06/27-15:20:37.319856 7ff94dc42700            Options.table_factory: BlockBasedTable
2023/06/27-15:20:37.319893 7ff94dc42700            table_factory options:   flush_block_policy_factory: FlushBlockBySizePolicyFactory (0x7ff948586a00)
  cache_index_and_filter_blocks: 0
  cache_index_and_filter_blocks_with_high_priority: 1
  pin_l0_filter_and_index_blocks_in_cache: 0
  pin_top_level_index_and_filter: 1
  index_type: 0
  data_block_index_type: 0
  index_shortening: 1
  data_block_hash_table_util_ratio: 0.750000
  hash_index_allow_collision: 1
  checksum: 1
  no_block_cache: 0
  block_cache: 0x7ff948ad7d20
  block_cache_name: LRUCache
  block_cache_options:
    capacity : 8388608
    num_shard_bits : 4
    strict_capacity_limit : 0
    memory_allocator : None
    high_pri_pool_ratio: 0.000
  block_cache_compressed: (nil)
  persistent_cache: (nil)
  block_size: 4096
  block_size_deviation: 10
  block_restart_interval: 16
  index_block_restart_interval: 1
  metadata_block_size: 4096
  partition_filters: 0
  use_delta_encoding: 1
  filter_policy: nullptr
  whole_key_filtering: 1
  verify_compression: 0
  read_amp_bytes_per_bit: 0
  format_version: 5
  enable_index_compression: 1
  block_align: 0
  max_auto_readahead_size: 262144
  prepopulate_block_cache: 0
2023/06/27-15:20:37.319896 7ff94dc42700        Options.write_buffer_size: 67108864
2023/06/27-15:20:37.319898 7ff94dc42700  Options.max_write_buffer_number: 2
2023/06/27-15:20:37.319899 7ff94dc42700          Options.compression: Snappy
2023/06/27-15:20:37.319901 7ff94dc42700                  Options.bottommost_compression: Disabled
2023/06/27-15:20:37.319902 7ff94dc42700       Options.prefix_extractor: nullptr
2023/06/27-15:20:37.319904 7ff94dc42700   Options.memtable_insert_with_hint_prefix_extractor: nullptr
2023/06/27-15:20:37.319905 7ff94dc42700             Options.num_levels: 7
2023/06/27-15:20:37.319906 7ff94dc42700        Options.min_write_buffer_number_to_merge: 1
2023/06/27-15:20:37.319907 7ff94dc42700     Options.max_write_buffer_number_to_maintain: 0
2023/06/27-15:20:37.319909 7ff94dc42700     Options.max_write_buffer_size_to_maintain: 0
2023/06/27-15:20:37.319910 7ff94dc42700            Options.bottommost_compression_opts.window_bits: -14
2023/06/27-15:20:37.319911 7ff94dc42700                  Options.bottommost_compression_opts.level: 32767
2023/06/27-15:20:37.319913 7ff94dc42700               Options.bottommost_compression_opts.strategy: 0
2023/06/27-15:20:37.319914 7ff94dc42700         Options.bottommost_compression_opts.max_dict_bytes: 0
2023/06/27-15:20:37.319915 7ff94dc42700         Options.bottommost_compression_opts.zstd_max_train_bytes: 0
2023/06/27-15:20:37.321754 7ff94dc42700         Options.bottommost_compression_opts.parallel_threads: 1
2023/06/27-15:20:37.321767 7ff94dc42700                  Options.bottommost_compression_opts.enabled: false
2023/06/27-15:20:37.321771 7ff94dc42700         Options.bottommost_compression_opts.max_dict_buffer_bytes: 0
2023/06/27-15:20:37.321773 7ff94dc42700            Options.compression_opts.window_bits: -14
2023/06/27-15:20:37.321776 7ff94dc42700                  Options.compression_opts.level: 32767
2023/06/27-15:20:37.321778 7ff94dc42700               Options.compression_opts.strategy: 0
2023/06/27-15:20:37.321781 7ff94dc42700         Options.compression_opts.max_dict_bytes: 0
2023/06/27-15:20:37.321783 7ff94dc42700         Options.compression_opts.zstd_max_train_bytes: 0
2023/06/27-15:20:37.321785 7ff94dc42700         Options.compression_opts.parallel_threads: 1
2023/06/27-15:20:37.321787 7ff94dc42700                  Options.compression_opts.enabled: false
2023/06/27-15:20:37.321790 7ff94dc42700         Options.compression_opts.max_dict_buffer_bytes: 0
2023/06/27-15:20:37.321792 7ff94dc42700      Options.level0_file_num_compaction_trigger: 4
2023/06/27-15:20:37.321794 7ff94dc42700          Options.level0_slowdown_writes_trigger: 20
2023/06/27-15:20:37.321797 7ff94dc42700              Options.level0_stop_writes_trigger: 36
2023/06/27-15:20:37.321799 7ff94dc42700                   Options.target_file_size_base: 67108864
2023/06/27-15:20:37.321801 7ff94dc42700             Options.target_file_size_multiplier: 1
2023/06/27-15:20:37.321804 7ff94dc42700                Options.max_bytes_for_level_base: 268435456
2023/06/27-15:20:37.321806 7ff94dc42700 Options.level_compaction_dynamic_level_bytes: 0
2023/06/27-15:20:37.321809 7ff94dc42700          Options.max_bytes_for_level_multiplier: 10.000000
2023/06/27-15:20:37.321815 7ff94dc42700 Options.max_bytes_for_level_multiplier_addtl[0]: 1
2023/06/27-15:20:37.321818 7ff94dc42700 Options.max_bytes_for_level_multiplier_addtl[1]: 1
2023/06/27-15:20:37.321820 7ff94dc42700 Options.max_bytes_for_level_multiplier_addtl[2]: 1
2023/06/27-15:20:37.321823 7ff94dc42700 Options.max_bytes_for_level_multiplier_addtl[3]: 1
2023/06/27-15:20:37.321825 7ff94dc42700 Options.max_bytes_for_level_multiplier_addtl[4]: 1
2023/06/27-15:20:37.321827 7ff94dc42700 Options.max_bytes_for_level_multiplier_addtl[5]: 1
2023/06/27-15:20:37.321830 7ff94dc42700 Options.max_bytes_for_level_multiplier_addtl[6]: 1
2023/06/27-15:20:37.321832 7ff94dc42700       Options.max_sequential_skip_in_iterations: 8
2023/06/27-15:20:37.321834 7ff94dc42700                    Options.max_compaction_bytes: 1677721600
2023/06/27-15:20:37.321886 7ff94dc42700                        Options.arena_block_size: 1048576
2023/06/27-15:20:37.321891 7ff94dc42700   Options.soft_pending_compaction_bytes_limit: 68719476736
2023/06/27-15:20:37.321893 7ff94dc42700   Options.hard_pending_compaction_bytes_limit: 274877906944
2023/06/27-15:20:37.321896 7ff94dc42700       Options.rate_limit_delay_max_milliseconds: 100
2023/06/27-15:20:37.321898 7ff94dc42700                Options.disable_auto_compactions: 0
2023/06/27-15:20:37.321902 7ff94dc42700                        Options.compaction_style: kCompactionStyleLevel
2023/06/27-15:20:37.321905 7ff94dc42700                          Options.compaction_pri: kMinOverlappingRatio
2023/06/27-15:20:37.321907 7ff94dc42700 Options.compaction_options_universal.size_ratio: 1
2023/06/27-15:20:37.321910 7ff94dc42700 Options.compaction_options_universal.min_merge_width: 2
2023/06/27-15:20:37.321912 7ff94dc42700 Options.compaction_options_universal.max_merge_width: 4294967295
2023/06/27-15:20:37.321915 7ff94dc42700 Options.compaction_options_universal.max_size_amplification_percent: 200
2023/06/27-15:20:37.321917 7ff94dc42700 Options.compaction_options_universal.compression_size_percent: -1
2023/06/27-15:20:37.321920 7ff94dc42700 Options.compaction_options_universal.stop_style: kCompactionStopStyleTotalSize
2023/06/27-15:20:37.321922 7ff94dc42700 Options.compaction_options_fifo.max_table_files_size: 1073741824
2023/06/27-15:20:37.323323 7ff94dc42700 Options.compaction_options_fifo.allow_compaction: 0
2023/06/27-15:20:37.323344 7ff94dc42700                   Options.table_properties_collectors: 
2023/06/27-15:20:37.323350 7ff94dc42700                   Options.inplace_update_support: 0
2023/06/27-15:20:37.323353 7ff94dc42700                 Options.inplace_update_num_locks: 10000
2023/06/27-15:20:37.323355 7ff94dc42700               Options.memtable_prefix_bloom_size_ratio: 0.000000
2023/06/27-15:20:37.323362 7ff94dc42700               Options.memtable_whole_key_filtering: 0
2023/06/27-15:20:37.323366 7ff94dc42700   Options.memtable_huge_page_size: 0
2023/06/27-15:20:37.323370 7ff94dc42700                           Options.bloom_locality: 0
2023/06/27-15:20:37.323374 7ff94dc42700                    Options.max_successive_merges: 0
2023/06/27-15:20:37.323379 7ff94dc42700                Options.optimize_filters_for_hits: 0
2023/06/27-15:20:37.323382 7ff94dc42700                Options.paranoid_file_checks: 0
2023/06/27-15:20:37.323386 7ff94dc42700                Options.force_consistency_checks: 1
2023/06/27-15:20:37.323390 7ff94dc42700                Options.report_bg_io_stats: 0
2023/06/27-15:20:37.323394 7ff94dc42700                               Options.ttl: 2592000
2023/06/27-15:20:37.323397 7ff94dc42700          Options.periodic_compaction_seconds: 0
2023/06/27-15:20:37.323399 7ff94dc42700                    Options.enable_blob_files: false
2023/06/27-15:20:37.323402 7ff94dc42700                        Options.min_blob_size: 0
2023/06/27-15:20:37.323408 7ff94dc42700                       Options.blob_file_size: 268435456
2023/06/27-15:20:37.323415 7ff94dc42700                Options.blob_compression_type: NoCompression
2023/06/27-15:20:37.323420 7ff94dc42700       Options.enable_blob_garbage_collection: false
2023/06/27-15:20:37.323421 7ff94dc42700   Options.blob_garbage_collection_age_cutoff: 0.250000
2023/06/27-15:20:37.325861 7ff94dc42700 [/version_set.cc:4785] Recovered from manifest file:/data/default/data_backlinks/auth_id/MANIFEST-000001 succeeded,manifest_file_number is 1, next_file_number is 3, last_sequence is 0, log_number is 0,prev_log_number is 0,max_column_family is 0,min_log_number_to_keep is 0
2023/06/27-15:20:37.325876 7ff94dc42700 [/version_set.cc:4794] Column family [default] (ID 0), log number is 0
2023/06/27-15:20:37.342457 7ff94dc42700 [/version_set.cc:4275] Creating manifest 4
2023/06/27-15:20:37.473421 7ff94dc42700 [/db_impl/db_impl_open.cc:1779] SstFileManager instance 0x7ff948ad8110
2023/06/27-15:20:37.475726 7ff94dc42700 DB pointer 0x7ff9480e7180
2023/06/27-15:20:46.476917 7ff8ca7f4700 [/db_impl/db_impl.cc:1002] ------- DUMPING STATS -------
2023/06/27-15:20:46.480510 7ff8ca7f4700 [/db_impl/db_impl.cc:1003] 
** DB Stats **
Uptime(secs): 9.2 total, 9.2 interval
Cumulative writes: 0 writes, 0 keys, 0 commit groups, 0.0 writes per commit group, ingest: 0.00 GB, 0.00 MB/s
Cumulative WAL: 0 writes, 0 syncs, 0.00 writes per sync, written: 0.00 GB, 0.00 MB/s
Cumulative stall: 00:00:0.000 H:M:S, 0.0 percent
Interval writes: 0 writes, 0 keys, 0 commit groups, 0.0 writes per commit group, ingest: 0.00 MB, 0.00 MB/s
Interval WAL: 0 writes, 0 syncs, 0.00 writes per sync, written: 0.00 GB, 0.00 MB/s
Interval stall: 00:00:0.000 H:M:S, 0.0 percent

** Compaction Stats [default] **
Level    Files   Size     Score Read(GB)  Rn(GB) Rnp1(GB) Write(GB) Wnew(GB) Moved(GB) W-Amp Rd(MB/s) Wr(MB/s) Comp(sec) CompMergeCPU(sec) Comp(cnt) Avg(sec) KeyIn KeyDrop Rblob(GB) Wblob(GB)
------------------------------------------------------------------------------------------------------------------------------------------------------------------------------------------------
 Sum      0/0    0.00 KB   0.0      0.0     0.0      0.0       0.0      0.0       0.0   0.0      0.0      0.0      0.00              0.00         0    0.000       0      0       0.0       0.0
 Int      0/0    0.00 KB   0.0      0.0     0.0      0.0       0.0      0.0       0.0   0.0      0.0      0.0      0.00              0.00         0    0.000       0      0       0.0       0.0

** Compaction Stats [default] **
Priority    Files   Size     Score Read(GB)  Rn(GB) Rnp1(GB) Write(GB) Wnew(GB) Moved(GB) W-Amp Rd(MB/s) Wr(MB/s) Comp(sec) CompMergeCPU(sec) Comp(cnt) Avg(sec) KeyIn KeyDrop Rblob(GB) Wblob(GB)
---------------------------------------------------------------------------------------------------------------------------------------------------------------------------------------------------

Blob file count: 0, total size: 0.0 GB

Uptime(secs): 9.2 total, 9.2 interval
Flush(GB): cumulative 0.000, interval 0.000
AddFile(GB): cumulative 0.000, interval 0.000
AddFile(Total Files): cumulative 0, interval 0
AddFile(L0 Files): cumulative 0, interval 0
AddFile(Keys): cumulative 0, interval 0
Cumulative compaction: 0.00 GB write, 0.00 MB/s write, 0.00 GB read, 0.00 MB/s read, 0.0 seconds
Interval compaction: 0.00 GB write, 0.00 MB/s write, 0.00 GB read, 0.00 MB/s read, 0.0 seconds
Stalls(count): 0 level0_slowdown, 0 level0_slowdown_with_compaction, 0 level0_numfiles, 0 level0_numfiles_with_compaction, 0 stop for pending_compaction_bytes, 0 slowdown for pending_compaction_bytes, 0 memtable_compaction, 0 memtable_slowdown, interval 0 total count
Block cache LRUCache@0x7ff948ad7d20#1 capacity: 8.00 MB collections: 1 last_copies: 0 last_secs: 6.8e-05 secs_since: 0
Block cache entry stats(count,size,portion): Misc(1,0.00 KB,0%)

** File Read Latency Histogram By Level [default] **
2023/06/27-15:22:40.029704 7ff8e8164700 [/db_impl/db_impl.cc:472] Shutdown: canceling all background work
2023/06/27-15:22:40.058073 7ff8e8164700 [/db_impl/db_impl.cc:684] Shutdown complete
