2023/06/27-15:20:38.409511 7ff94dc42700 RocksDB version: 6.25.3
2023/06/27-15:20:38.412721 7ff94dc42700 Compile date 2021-10-26 19:09:28
2023/06/27-15:20:38.412756 7ff94dc42700 DB SUMMARY
2023/06/27-15:20:38.412762 7ff94dc42700 DB Session ID:  PET6NT5A0CRU5VSP90LQ
2023/06/27-15:20:38.417952 7ff94dc42700 SST files in /data/default/data_hosts dir, Total Num: 0, files: 
2023/06/27-15:20:38.417976 7ff94dc42700 Write Ahead Log file in /data/default/data_hosts: 
2023/06/27-15:20:38.417984 7ff94dc42700                         Options.error_if_exists: 0
2023/06/27-15:20:38.417987 7ff94dc42700                       Options.create_if_missing: 1
2023/06/27-15:20:38.417990 7ff94dc42700                         Options.paranoid_checks: 1
2023/06/27-15:20:38.417992 7ff94dc42700             Options.flush_verify_memtable_count: 1
2023/06/27-15:20:38.417996 7ff94dc42700                               Options.track_and_verify_wals_in_manifest: 0
2023/06/27-15:20:38.417998 7ff94dc42700                                     Options.env: 0x7ff8ebbd96e0
2023/06/27-15:20:38.418000 7ff94dc42700                                      Options.fs: Posix File System
2023/06/27-15:20:38.418003 7ff94dc42700                                Options.info_log: 0x7ff9480e68e0
2023/06/27-15:20:38.418005 7ff94dc42700                Options.max_file_opening_threads: 16
2023/06/27-15:20:38.418007 7ff94dc42700                              Options.statistics: (nil)
2023/06/27-15:20:38.418009 7ff94dc42700                               Options.use_fsync: 0
2023/06/27-15:20:38.418011 7ff94dc42700                       Options.max_log_file_size: 0
2023/06/27-15:20:38.418014 7ff94dc42700                  Options.max_manifest_file_size: 1073741824
2023/06/27-15:20:38.418016 7ff94dc42700                   Options.log_file_time_to_roll: 0
2023/06/27-15:20:38.418018 7ff94dc42700                       Options.keep_log_file_num: 1000
2023/06/27-15:20:38.418020 7ff94dc42700                    Options.recycle_log_file_num: 0
2023/06/27-15:20:38.418022 7ff94dc42700                         Options.allow_fallocate: 1
2023/06/27-15:20:38.418024 7ff94dc42700                        Options.allow_mmap_reads: 0
2023/06/27-15:20:38.418031 7ff94dc42700                       Options.allow_mmap_writes: 0
2023/06/27-15:20:38.418034 7ff94dc42700                        Options.use_direct_reads: 0
2023/06/27-15:20:38.418036 7ff94dc42700                        Options.use_direct_io_for_flush_and_compaction: 0
2023/06/27-15:20:38.418039 7ff94dc42700          Options.create_missing_column_families: 0
2023/06/27-15:20:38.418041 7ff94dc42700                              Options.db_log_dir: 
2023/06/27-15:20:38.418042 7ff94dc42700                                 Options.wal_dir: 
2023/06/27-15:20:38.418044 7ff94dc42700                Options.table_cache_numshardbits: 6
2023/06/27-15:20:38.418045 7ff94dc42700                         Options.WAL_ttl_seconds: 0
2023/06/27-15:20:38.418046 7ff94dc42700                       Options.WAL_size_limit_MB: 0
2023/06/27-15:20:38.418047 7ff94dc42700                        Options.max_write_batch_group_size_bytes: 1048576
2023/06/27-15:20:38.418049 7ff94dc42700             Options.manifest_preallocation_size: 4194304
2023/06/27-15:20:38.418050 7ff94dc42700                     Options.is_fd_close_on_exec: 1
2023/06/27-15:20:38.418051 7ff94dc42700                   Options.advise_random_on_open: 1
2023/06/27-15:20:38.418052 7ff94dc42700                   Options.experimental_mempurge_threshold: 0.000000
2023/06/27-15:20:38.418056 7ff94dc42700                    Options.db_write_buffer_size: 0
2023/06/27-15:20:38.418058 7ff94dc42700                    Options.write_buffer_manager: 0x7ff9480e69d0
2023/06/27-15:20:38.418059 7ff94dc42700         Options.access_hint_on_compaction_start: 1
2023/06/27-15:20:38.418060 7ff94dc42700  Options.new_table_reader_for_compaction_inputs: 0
2023/06/27-15:20:38.418061 7ff94dc42700           Options.random_access_max_buffer_size: 1048576
2023/06/27-15:20:38.418063 7ff94dc42700                      Options.use_adaptive_mutex: 0
2023/06/27-15:20:38.418064 7ff94dc42700                            Options.rate_limiter: (nil)
2023/06/27-15:20:38.421075 7ff94dc42700     Options.sst_file_manager.rate_bytes_per_sec: 0
2023/06/27-15:20:38.421087 7ff94dc42700                       Options.wal_recovery_mode: 2
2023/06/27-15:20:38.421089 7ff94dc42700                  Options.enable_thread_tracking: 0
2023/06/27-15:20:38.421092 7ff94dc42700                  Options.enable_pipelined_write: 0
2023/06/27-15:20:38.421093 7ff94dc42700                  Options.unordered_write: 0
2023/06/27-15:20:38.421095 7ff94dc42700         Options.allow_concurrent_memtable_write: 1
2023/06/27-15:20:38.421099 7ff94dc42700      Options.enable_write_thread_adaptive_yield: 1
2023/06/27-15:20:38.421101 7ff94dc42700             Options.write_thread_max_yield_usec: 100
2023/06/27-15:20:38.421104 7ff94dc42700            Options.write_thread_slow_yield_usec: 3
2023/06/27-15:20:38.421107 7ff94dc42700                               Options.row_cache: None
2023/06/27-15:20:38.421112 7ff94dc42700                              Options.wal_filter: None
2023/06/27-15:20:38.421115 7ff94dc42700             Options.avoid_flush_during_recovery: 0
2023/06/27-15:20:38.421119 7ff94dc42700             Options.allow_ingest_behind: 0
2023/06/27-15:20:38.421123 7ff94dc42700             Options.preserve_deletes: 0
2023/06/27-15:20:38.421127 7ff94dc42700             Options.two_write_queues: 0
2023/06/27-15:20:38.421130 7ff94dc42700             Options.manual_wal_flush: 0
2023/06/27-15:20:38.421132 7ff94dc42700             Options.atomic_flush: 0
2023/06/27-15:20:38.421134 7ff94dc42700             Options.avoid_unnecessary_blocking_io: 0
2023/06/27-15:20:38.421137 7ff94dc42700                 Options.persist_stats_to_disk: 0
2023/06/27-15:20:38.421139 7ff94dc42700                 Options.write_dbid_to_manifest: 0
2023/06/27-15:20:38.421141 7ff94dc42700                 Options.log_readahead_size: 0
2023/06/27-15:20:38.421143 7ff94dc42700                 Options.file_checksum_gen_factory: Unknown
2023/06/27-15:20:38.421146 7ff94dc42700                 Options.best_efforts_recovery: 0
2023/06/27-15:20:38.421152 7ff94dc42700                Options.max_bgerror_resume_count: 2147483647
2023/06/27-15:20:38.421156 7ff94dc42700            Options.bgerror_resume_retry_interval: 1000000
2023/06/27-15:20:38.421159 7ff94dc42700             Options.allow_data_in_errors: 0
2023/06/27-15:20:38.421161 7ff94dc42700             Options.db_host_id: __hostname__
2023/06/27-15:20:38.421165 7ff94dc42700             Options.max_background_jobs: 2
2023/06/27-15:20:38.421167 7ff94dc42700             Options.max_background_compactions: -1
2023/06/27-15:20:38.421170 7ff94dc42700             Options.max_subcompactions: 1
2023/06/27-15:20:38.421176 7ff94dc42700             Options.avoid_flush_during_shutdown: 0
2023/06/27-15:20:38.421179 7ff94dc42700           Options.writable_file_max_buffer_size: 1048576
2023/06/27-15:20:38.421181 7ff94dc42700             Options.delayed_write_rate : 16777216
2023/06/27-15:20:38.421185 7ff94dc42700             Options.max_total_wal_size: 0
2023/06/27-15:20:38.421188 7ff94dc42700             Options.delete_obsolete_files_period_micros: 21600000000
2023/06/27-15:20:38.421190 7ff94dc42700                   Options.stats_dump_period_sec: 600
2023/06/27-15:20:38.421193 7ff94dc42700                 Options.stats_persist_period_sec: 600
2023/06/27-15:20:38.421197 7ff94dc42700                 Options.stats_history_buffer_size: 1048576
2023/06/27-15:20:38.421200 7ff94dc42700                          Options.max_open_files: -1
2023/06/27-15:20:38.421203 7ff94dc42700                          Options.bytes_per_sync: 0
2023/06/27-15:20:38.421206 7ff94dc42700                      Options.wal_bytes_per_sync: 0
2023/06/27-15:20:38.421212 7ff94dc42700                   Options.strict_bytes_per_sync: 0
2023/06/27-15:20:38.421216 7ff94dc42700       Options.compaction_readahead_size: 0
2023/06/27-15:20:38.421219 7ff94dc42700                  Options.max_background_flushes: -1
2023/06/27-15:20:38.421221 7ff94dc42700 Compression algorithms supported:
2023/06/27-15:20:38.421223 7ff94dc42700 	kZSTDNotFinalCompression supported: 1
2023/06/27-15:20:38.422784 7ff94dc42700 	kZSTD supported: 1
2023/06/27-15:20:38.422792 7ff94dc42700 	kXpressCompression supported: 0
2023/06/27-15:20:38.422794 7ff94dc42700 	kLZ4HCCompression supported: 1
2023/06/27-15:20:38.422795 7ff94dc42700 	kLZ4Compression supported: 1
2023/06/27-15:20:38.422797 7ff94dc42700 	kBZip2Compression supported: 1
2023/06/27-15:20:38.422798 7ff94dc42700 	kZlibCompression supported: 1
2023/06/27-15:20:38.422799 7ff94dc42700 	kSnappyCompression supported: 1
2023/06/27-15:20:38.422808 7ff94dc42700 Fast CRC32 supported: Not supported on x86
2023/06/27-15:20:38.456166 7ff94dc42700 [/db_impl/db_impl_open.cc:298] Creating manifest 1 
2023/06/27-15:20:38.503298 7ff94dc42700 [/version_set.cc:4737] Recovering from manifest file: /data/default/data_hosts/MANIFEST-000001
2023/06/27-15:20:38.508629 7ff94dc42700 [/column_family.cc:604] --------------- Options for column family [default]:
2023/06/27-15:20:38.508650 7ff94dc42700               Options.comparator: leveldb.BytewiseComparator
2023/06/27-15:20:38.508653 7ff94dc42700           Options.merge_operator: None
2023/06/27-15:20:38.508656 7ff94dc42700        Options.compaction_filter: None
2023/06/27-15:20:38.508659 7ff94dc42700        Options.compaction_filter_factory: None
2023/06/27-15:20:38.508661 7ff94dc42700  Options.sst_partitioner_factory: None
2023/06/27-15:20:38.508664 7ff94dc42700         Options.memtable_factory: SkipListFactory
2023/06/27-15:20:38.508667 7ff94dc42700            Options.table_factory: BlockBasedTable
2023/06/27-15:20:38.508717 7ff94dc42700            table_factory options:   flush_block_policy_factory: FlushBlockBySizePolicyFactory (0x7ff948b552d0)
  cache_index_and_filter_blocks: 0
  cache_index_and_filter_blocks_with_high_priority: 1
  pin_l0_filter_and_index_blocks_in_cache: 0
  pin_top_level_index_and_filter: 1
  index_type: 0
  data_block_index_type: 0
  index_shortening: 1
  data_block_hash_table_util_ratio: 0.750000
  hash_index_allow_collision: 1
  checksum: 1
  no_block_cache: 0
  block_cache: 0x7ff948b98c60
  block_cache_name: LRUCache
  block_cache_options:
    capacity : 8388608
    num_shard_bits : 4
    strict_capacity_limit : 0
    memory_allocator : None
    high_pri_pool_ratio: 0.000
  block_cache_compressed: (nil)
  persistent_cache: (nil)
  block_size: 4096
  block_size_deviation: 10
  block_restart_interval: 16
  index_block_restart_interval: 1
  metadata_block_size: 4096
  partition_filters: 0
  use_delta_encoding: 1
  filter_policy: nullptr
  whole_key_filtering: 1
  verify_compression: 0
  read_amp_bytes_per_bit: 0
  format_version: 5
  enable_index_compression: 1
  block_align: 0
  max_auto_readahead_size: 262144
  prepopulate_block_cache: 0
2023/06/27-15:20:38.508721 7ff94dc42700        Options.write_buffer_size: 67108864
2023/06/27-15:20:38.508724 7ff94dc42700  Options.max_write_buffer_number: 2
2023/06/27-15:20:38.508727 7ff94dc42700          Options.compression: Snappy
2023/06/27-15:20:38.508730 7ff94dc42700                  Options.bottommost_compression: Disabled
2023/06/27-15:20:38.508732 7ff94dc42700       Options.prefix_extractor: nullptr
2023/06/27-15:20:38.508735 7ff94dc42700   Options.memtable_insert_with_hint_prefix_extractor: nullptr
2023/06/27-15:20:38.508737 7ff94dc42700             Options.num_levels: 7
2023/06/27-15:20:38.508740 7ff94dc42700        Options.min_write_buffer_number_to_merge: 1
2023/06/27-15:20:38.508742 7ff94dc42700     Options.max_write_buffer_number_to_maintain: 0
2023/06/27-15:20:38.508745 7ff94dc42700     Options.max_write_buffer_size_to_maintain: 0
2023/06/27-15:20:38.508747 7ff94dc42700            Options.bottommost_compression_opts.window_bits: -14
2023/06/27-15:20:38.508750 7ff94dc42700                  Options.bottommost_compression_opts.level: 32767
2023/06/27-15:20:38.508752 7ff94dc42700               Options.bottommost_compression_opts.strategy: 0
2023/06/27-15:20:38.508755 7ff94dc42700         Options.bottommost_compression_opts.max_dict_bytes: 0
2023/06/27-15:20:38.508757 7ff94dc42700         Options.bottommost_compression_opts.zstd_max_train_bytes: 0
2023/06/27-15:20:38.511612 7ff94dc42700         Options.bottommost_compression_opts.parallel_threads: 1
2023/06/27-15:20:38.511634 7ff94dc42700                  Options.bottommost_compression_opts.enabled: false
2023/06/27-15:20:38.511638 7ff94dc42700         Options.bottommost_compression_opts.max_dict_buffer_bytes: 0
2023/06/27-15:20:38.511641 7ff94dc42700            Options.compression_opts.window_bits: -14
2023/06/27-15:20:38.511643 7ff94dc42700                  Options.compression_opts.level: 32767
2023/06/27-15:20:38.511646 7ff94dc42700               Options.compression_opts.strategy: 0
2023/06/27-15:20:38.511650 7ff94dc42700         Options.compression_opts.max_dict_bytes: 0
2023/06/27-15:20:38.511656 7ff94dc42700         Options.compression_opts.zstd_max_train_bytes: 0
2023/06/27-15:20:38.511661 7ff94dc42700         Options.compression_opts.parallel_threads: 1
2023/06/27-15:20:38.511669 7ff94dc42700                  Options.compression_opts.enabled: false
2023/06/27-15:20:38.511672 7ff94dc42700         Options.compression_opts.max_dict_buffer_bytes: 0
2023/06/27-15:20:38.511675 7ff94dc42700      Options.level0_file_num_compaction_trigger: 4
2023/06/27-15:20:38.511677 7ff94dc42700          Options.level0_slowdown_writes_trigger: 20
2023/06/27-15:20:38.511680 7ff94dc42700              Options.level0_stop_writes_trigger: 36
2023/06/27-15:20:38.511684 7ff94dc42700                   Options.target_file_size_base: 67108864
2023/06/27-15:20:38.511690 7ff94dc42700             Options.target_file_size_multiplier: 1
2023/06/27-15:20:38.511694 7ff94dc42700                Options.max_bytes_for_level_base: 268435456
2023/06/27-15:20:38.511697 7ff94dc42700 Options.level_compaction_dynamic_level_bytes: 0
2023/06/27-15:20:38.511699 7ff94dc42700          Options.max_bytes_for_level_multiplier: 10.000000
2023/06/27-15:20:38.511706 7ff94dc42700 Options.max_bytes_for_level_multiplier_addtl[0]: 1
2023/06/27-15:20:38.511709 7ff94dc42700 Options.max_bytes_for_level_multiplier_addtl[1]: 1
2023/06/27-15:20:38.511711 7ff94dc42700 Options.max_bytes_for_level_multiplier_addtl[2]: 1
2023/06/27-15:20:38.511713 7ff94dc42700 Options.max_bytes_for_level_multiplier_addtl[3]: 1
2023/06/27-15:20:38.511716 7ff94dc42700 Options.max_bytes_for_level_multiplier_addtl[4]: 1
2023/06/27-15:20:38.511718 7ff94dc42700 Options.max_bytes_for_level_multiplier_addtl[5]: 1
2023/06/27-15:20:38.511720 7ff94dc42700 Options.max_bytes_for_level_multiplier_addtl[6]: 1
2023/06/27-15:20:38.511723 7ff94dc42700       Options.max_sequential_skip_in_iterations: 8
2023/06/27-15:20:38.511725 7ff94dc42700                    Options.max_compaction_bytes: 1677721600
2023/06/27-15:20:38.511729 7ff94dc42700                        Options.arena_block_size: 1048576
2023/06/27-15:20:38.511732 7ff94dc42700   Options.soft_pending_compaction_bytes_limit: 68719476736
2023/06/27-15:20:38.511735 7ff94dc42700   Options.hard_pending_compaction_bytes_limit: 274877906944
2023/06/27-15:20:38.511737 7ff94dc42700       Options.rate_limit_delay_max_milliseconds: 100
2023/06/27-15:20:38.511739 7ff94dc42700                Options.disable_auto_compactions: 0
2023/06/27-15:20:38.511745 7ff94dc42700                        Options.compaction_style: kCompactionStyleLevel
2023/06/27-15:20:38.511750 7ff94dc42700                          Options.compaction_pri: kMinOverlappingRatio
2023/06/27-15:20:38.511752 7ff94dc42700 Options.compaction_options_universal.size_ratio: 1
2023/06/27-15:20:38.511754 7ff94dc42700 Options.compaction_options_universal.min_merge_width: 2
2023/06/27-15:20:38.511756 7ff94dc42700 Options.compaction_options_universal.max_merge_width: 4294967295
2023/06/27-15:20:38.511758 7ff94dc42700 Options.compaction_options_universal.max_size_amplification_percent: 200
2023/06/27-15:20:38.511761 7ff94dc42700 Options.compaction_options_universal.compression_size_percent: -1
2023/06/27-15:20:38.511764 7ff94dc42700 Options.compaction_options_universal.stop_style: kCompactionStopStyleTotalSize
2023/06/27-15:20:38.511766 7ff94dc42700 Options.compaction_options_fifo.max_table_files_size: 1073741824
2023/06/27-15:20:38.517512 7ff94dc42700 Options.compaction_options_fifo.allow_compaction: 0
2023/06/27-15:20:38.517547 7ff94dc42700                   Options.table_properties_collectors: 
2023/06/27-15:20:38.517552 7ff94dc42700                   Options.inplace_update_support: 0
2023/06/27-15:20:38.517556 7ff94dc42700                 Options.inplace_update_num_locks: 10000
2023/06/27-15:20:38.517560 7ff94dc42700               Options.memtable_prefix_bloom_size_ratio: 0.000000
2023/06/27-15:20:38.517569 7ff94dc42700               Options.memtable_whole_key_filtering: 0
2023/06/27-15:20:38.517573 7ff94dc42700   Options.memtable_huge_page_size: 0
2023/06/27-15:20:38.517603 7ff94dc42700                           Options.bloom_locality: 0
2023/06/27-15:20:38.517608 7ff94dc42700                    Options.max_successive_merges: 0
2023/06/27-15:20:38.517612 7ff94dc42700                Options.optimize_filters_for_hits: 0
2023/06/27-15:20:38.517616 7ff94dc42700                Options.paranoid_file_checks: 0
2023/06/27-15:20:38.517620 7ff94dc42700                Options.force_consistency_checks: 1
2023/06/27-15:20:38.517624 7ff94dc42700                Options.report_bg_io_stats: 0
2023/06/27-15:20:38.517627 7ff94dc42700                               Options.ttl: 2592000
2023/06/27-15:20:38.517630 7ff94dc42700          Options.periodic_compaction_seconds: 0
2023/06/27-15:20:38.517633 7ff94dc42700                    Options.enable_blob_files: false
2023/06/27-15:20:38.517636 7ff94dc42700                        Options.min_blob_size: 0
2023/06/27-15:20:38.517640 7ff94dc42700                       Options.blob_file_size: 268435456
2023/06/27-15:20:38.517648 7ff94dc42700                Options.blob_compression_type: NoCompression
2023/06/27-15:20:38.517654 7ff94dc42700       Options.enable_blob_garbage_collection: false
2023/06/27-15:20:38.517658 7ff94dc42700   Options.blob_garbage_collection_age_cutoff: 0.250000
2023/06/27-15:20:38.520938 7ff94dc42700 [/version_set.cc:4785] Recovered from manifest file:/data/default/data_hosts/MANIFEST-000001 succeeded,manifest_file_number is 1, next_file_number is 3, last_sequence is 0, log_number is 0,prev_log_number is 0,max_column_family is 0,min_log_number_to_keep is 0
2023/06/27-15:20:38.520958 7ff94dc42700 [/version_set.cc:4794] Column family [default] (ID 0), log number is 0
2023/06/27-15:20:38.538128 7ff94dc42700 [/version_set.cc:4275] Creating manifest 4
2023/06/27-15:20:38.672483 7ff94dc42700 [/db_impl/db_impl_open.cc:1779] SstFileManager instance 0x7ff948b8d390
2023/06/27-15:20:38.675353 7ff94dc42700 DB pointer 0x7ff948b87d00
2023/06/27-15:20:59.678680 7ff8ca7f4700 [/db_impl/db_impl.cc:1002] ------- DUMPING STATS -------
2023/06/27-15:20:59.679596 7ff8ca7f4700 [/db_impl/db_impl.cc:1003] 
** DB Stats **
Uptime(secs): 21.2 total, 21.2 interval
Cumulative writes: 0 writes, 0 keys, 0 commit groups, 0.0 writes per commit group, ingest: 0.00 GB, 0.00 MB/s
Cumulative WAL: 0 writes, 0 syncs, 0.00 writes per sync, written: 0.00 GB, 0.00 MB/s
Cumulative stall: 00:00:0.000 H:M:S, 0.0 percent
Interval writes: 0 writes, 0 keys, 0 commit groups, 0.0 writes per commit group, ingest: 0.00 MB, 0.00 MB/s
Interval WAL: 0 writes, 0 syncs, 0.00 writes per sync, written: 0.00 GB, 0.00 MB/s
Interval stall: 00:00:0.000 H:M:S, 0.0 percent

** Compaction Stats [default] **
Level    Files   Size     Score Read(GB)  Rn(GB) Rnp1(GB) Write(GB) Wnew(GB) Moved(GB) W-Amp Rd(MB/s) Wr(MB/s) Comp(sec) CompMergeCPU(sec) Comp(cnt) Avg(sec) KeyIn KeyDrop Rblob(GB) Wblob(GB)
------------------------------------------------------------------------------------------------------------------------------------------------------------------------------------------------
 Sum      0/0    0.00 KB   0.0      0.0     0.0      0.0       0.0      0.0       0.0   0.0      0.0      0.0      0.00              0.00         0    0.000       0      0       0.0       0.0
 Int      0/0    0.00 KB   0.0      0.0     0.0      0.0       0.0      0.0       0.0   0.0      0.0      0.0      0.00              0.00         0    0.000       0      0       0.0       0.0

** Compaction Stats [default] **
Priority    Files   Size     Score Read(GB)  Rn(GB) Rnp1(GB) Write(GB) Wnew(GB) Moved(GB) W-Amp Rd(MB/s) Wr(MB/s) Comp(sec) CompMergeCPU(sec) Comp(cnt) Avg(sec) KeyIn KeyDrop Rblob(GB) Wblob(GB)
---------------------------------------------------------------------------------------------------------------------------------------------------------------------------------------------------

Blob file count: 0, total size: 0.0 GB

Uptime(secs): 21.2 total, 21.2 interval
Flush(GB): cumulative 0.000, interval 0.000
AddFile(GB): cumulative 0.000, interval 0.000
AddFile(Total Files): cumulative 0, interval 0
AddFile(L0 Files): cumulative 0, interval 0
AddFile(Keys): cumulative 0, interval 0
Cumulative compaction: 0.00 GB write, 0.00 MB/s write, 0.00 GB read, 0.00 MB/s read, 0.0 seconds
Interval compaction: 0.00 GB write, 0.00 MB/s write, 0.00 GB read, 0.00 MB/s read, 0.0 seconds
Stalls(count): 0 level0_slowdown, 0 level0_slowdown_with_compaction, 0 level0_numfiles, 0 level0_numfiles_with_compaction, 0 stop for pending_compaction_bytes, 0 slowdown for pending_compaction_bytes, 0 memtable_compaction, 0 memtable_slowdown, interval 0 total count
Block cache LRUCache@0x7ff948b98c60#1 capacity: 8.00 MB collections: 1 last_copies: 0 last_secs: 6.8e-05 secs_since: 0
Block cache entry stats(count,size,portion): Misc(1,0.00 KB,0%)

** File Read Latency Histogram By Level [default] **
2023/06/27-15:22:41.144638 7ff8e8164700 [/db_impl/db_impl.cc:472] Shutdown: canceling all background work
2023/06/27-15:22:41.155754 7ff8e8164700 [/db_impl/db_impl.cc:684] Shutdown complete
