2023/06/27-15:20:37.521832 7ff94dc42700 RocksDB version: 6.25.3
2023/06/27-15:20:37.524103 7ff94dc42700 Compile date 2021-10-26 19:09:28
2023/06/27-15:20:37.524122 7ff94dc42700 DB SUMMARY
2023/06/27-15:20:37.524125 7ff94dc42700 DB Session ID:  K08WBRHYS2J9ES94FY2J
2023/06/27-15:20:37.526384 7ff94dc42700 SST files in /data/default/data_backlinks/auth_graph dir, Total Num: 0, files: 
2023/06/27-15:20:37.526401 7ff94dc42700 Write Ahead Log file in /data/default/data_backlinks/auth_graph: 
2023/06/27-15:20:37.526409 7ff94dc42700                         Options.error_if_exists: 0
2023/06/27-15:20:37.526413 7ff94dc42700                       Options.create_if_missing: 1
2023/06/27-15:20:37.526417 7ff94dc42700                         Options.paranoid_checks: 1
2023/06/27-15:20:37.526420 7ff94dc42700             Options.flush_verify_memtable_count: 1
2023/06/27-15:20:37.526424 7ff94dc42700                               Options.track_and_verify_wals_in_manifest: 0
2023/06/27-15:20:37.526427 7ff94dc42700                                     Options.env: 0x7ff8ebbd96e0
2023/06/27-15:20:37.526435 7ff94dc42700                                      Options.fs: Posix File System
2023/06/27-15:20:37.526441 7ff94dc42700                                Options.info_log: 0x7ff948587870
2023/06/27-15:20:37.526447 7ff94dc42700                Options.max_file_opening_threads: 16
2023/06/27-15:20:37.526449 7ff94dc42700                              Options.statistics: (nil)
2023/06/27-15:20:37.526453 7ff94dc42700                               Options.use_fsync: 0
2023/06/27-15:20:37.526457 7ff94dc42700                       Options.max_log_file_size: 0
2023/06/27-15:20:37.526460 7ff94dc42700                  Options.max_manifest_file_size: 1073741824
2023/06/27-15:20:37.526464 7ff94dc42700                   Options.log_file_time_to_roll: 0
2023/06/27-15:20:37.526467 7ff94dc42700                       Options.keep_log_file_num: 1000
2023/06/27-15:20:37.526471 7ff94dc42700                    Options.recycle_log_file_num: 0
2023/06/27-15:20:37.526475 7ff94dc42700                         Options.allow_fallocate: 1
2023/06/27-15:20:37.526478 7ff94dc42700                        Options.allow_mmap_reads: 0
2023/06/27-15:20:37.526481 7ff94dc42700                       Options.allow_mmap_writes: 0
2023/06/27-15:20:37.526484 7ff94dc42700                        Options.use_direct_reads: 0
2023/06/27-15:20:37.526486 7ff94dc42700                        Options.use_direct_io_for_flush_and_compaction: 0
2023/06/27-15:20:37.526488 7ff94dc42700          Options.create_missing_column_families: 0
2023/06/27-15:20:37.526490 7ff94dc42700                              Options.db_log_dir: 
2023/06/27-15:20:37.526493 7ff94dc42700                                 Options.wal_dir: 
2023/06/27-15:20:37.526495 7ff94dc42700                Options.table_cache_numshardbits: 6
2023/06/27-15:20:37.526497 7ff94dc42700                         Options.WAL_ttl_seconds: 0
2023/06/27-15:20:37.526499 7ff94dc42700                       Options.WAL_size_limit_MB: 0
2023/06/27-15:20:37.526501 7ff94dc42700                        Options.max_write_batch_group_size_bytes: 1048576
2023/06/27-15:20:37.526503 7ff94dc42700             Options.manifest_preallocation_size: 4194304
2023/06/27-15:20:37.526505 7ff94dc42700                     Options.is_fd_close_on_exec: 1
2023/06/27-15:20:37.526507 7ff94dc42700                   Options.advise_random_on_open: 1
2023/06/27-15:20:37.526509 7ff94dc42700                   Options.experimental_mempurge_threshold: 0.000000
2023/06/27-15:20:37.526515 7ff94dc42700                    Options.db_write_buffer_size: 0
2023/06/27-15:20:37.526517 7ff94dc42700                    Options.write_buffer_manager: 0x7ff948645860
2023/06/27-15:20:37.526519 7ff94dc42700         Options.access_hint_on_compaction_start: 1
2023/06/27-15:20:37.526521 7ff94dc42700  Options.new_table_reader_for_compaction_inputs: 0
2023/06/27-15:20:37.526525 7ff94dc42700           Options.random_access_max_buffer_size: 1048576
2023/06/27-15:20:37.526527 7ff94dc42700                      Options.use_adaptive_mutex: 0
2023/06/27-15:20:37.526528 7ff94dc42700                            Options.rate_limiter: (nil)
2023/06/27-15:20:37.534121 7ff94dc42700     Options.sst_file_manager.rate_bytes_per_sec: 0
2023/06/27-15:20:37.534142 7ff94dc42700                       Options.wal_recovery_mode: 2
2023/06/27-15:20:37.534145 7ff94dc42700                  Options.enable_thread_tracking: 0
2023/06/27-15:20:37.534147 7ff94dc42700                  Options.enable_pipelined_write: 0
2023/06/27-15:20:37.534149 7ff94dc42700                  Options.unordered_write: 0
2023/06/27-15:20:37.534151 7ff94dc42700         Options.allow_concurrent_memtable_write: 1
2023/06/27-15:20:37.534153 7ff94dc42700      Options.enable_write_thread_adaptive_yield: 1
2023/06/27-15:20:37.534155 7ff94dc42700             Options.write_thread_max_yield_usec: 100
2023/06/27-15:20:37.534157 7ff94dc42700            Options.write_thread_slow_yield_usec: 3
2023/06/27-15:20:37.534160 7ff94dc42700                               Options.row_cache: None
2023/06/27-15:20:37.534162 7ff94dc42700                              Options.wal_filter: None
2023/06/27-15:20:37.534164 7ff94dc42700             Options.avoid_flush_during_recovery: 0
2023/06/27-15:20:37.534166 7ff94dc42700             Options.allow_ingest_behind: 0
2023/06/27-15:20:37.534168 7ff94dc42700             Options.preserve_deletes: 0
2023/06/27-15:20:37.534170 7ff94dc42700             Options.two_write_queues: 0
2023/06/27-15:20:37.534172 7ff94dc42700             Options.manual_wal_flush: 0
2023/06/27-15:20:37.534174 7ff94dc42700             Options.atomic_flush: 0
2023/06/27-15:20:37.534175 7ff94dc42700             Options.avoid_unnecessary_blocking_io: 0
2023/06/27-15:20:37.534178 7ff94dc42700                 Options.persist_stats_to_disk: 0
2023/06/27-15:20:37.534182 7ff94dc42700                 Options.write_dbid_to_manifest: 0
2023/06/27-15:20:37.534188 7ff94dc42700                 Options.log_readahead_size: 0
2023/06/27-15:20:37.534192 7ff94dc42700                 Options.file_checksum_gen_factory: Unknown
2023/06/27-15:20:37.534195 7ff94dc42700                 Options.best_efforts_recovery: 0
2023/06/27-15:20:37.534202 7ff94dc42700                Options.max_bgerror_resume_count: 2147483647
2023/06/27-15:20:37.534206 7ff94dc42700            Options.bgerror_resume_retry_interval: 1000000
2023/06/27-15:20:37.534208 7ff94dc42700             Options.allow_data_in_errors: 0
2023/06/27-15:20:37.534210 7ff94dc42700             Options.db_host_id: __hostname__
2023/06/27-15:20:37.534214 7ff94dc42700             Options.max_background_jobs: 2
2023/06/27-15:20:37.534216 7ff94dc42700             Options.max_background_compactions: -1
2023/06/27-15:20:37.534218 7ff94dc42700             Options.max_subcompactions: 1
2023/06/27-15:20:37.534220 7ff94dc42700             Options.avoid_flush_during_shutdown: 0
2023/06/27-15:20:37.534222 7ff94dc42700           Options.writable_file_max_buffer_size: 1048576
2023/06/27-15:20:37.534224 7ff94dc42700             Options.delayed_write_rate : 16777216
2023/06/27-15:20:37.534226 7ff94dc42700             Options.max_total_wal_size: 0
2023/06/27-15:20:37.534228 7ff94dc42700             Options.delete_obsolete_files_period_micros: 21600000000
2023/06/27-15:20:37.534230 7ff94dc42700                   Options.stats_dump_period_sec: 600
2023/06/27-15:20:37.534233 7ff94dc42700                 Options.stats_persist_period_sec: 600
2023/06/27-15:20:37.534235 7ff94dc42700                 Options.stats_history_buffer_size: 1048576
2023/06/27-15:20:37.534237 7ff94dc42700                          Options.max_open_files: -1
2023/06/27-15:20:37.534239 7ff94dc42700                          Options.bytes_per_sync: 0
2023/06/27-15:20:37.534241 7ff94dc42700                      Options.wal_bytes_per_sync: 0
2023/06/27-15:20:37.534243 7ff94dc42700                   Options.strict_bytes_per_sync: 0
2023/06/27-15:20:37.534245 7ff94dc42700       Options.compaction_readahead_size: 0
2023/06/27-15:20:37.534247 7ff94dc42700                  Options.max_background_flushes: -1
2023/06/27-15:20:37.534249 7ff94dc42700 Compression algorithms supported:
2023/06/27-15:20:37.534252 7ff94dc42700 	kZSTDNotFinalCompression supported: 1
2023/06/27-15:20:37.536482 7ff94dc42700 	kZSTD supported: 1
2023/06/27-15:20:37.536496 7ff94dc42700 	kXpressCompression supported: 0
2023/06/27-15:20:37.536499 7ff94dc42700 	kLZ4HCCompression supported: 1
2023/06/27-15:20:37.536501 7ff94dc42700 	kLZ4Compression supported: 1
2023/06/27-15:20:37.536504 7ff94dc42700 	kBZip2Compression supported: 1
2023/06/27-15:20:37.536506 7ff94dc42700 	kZlibCompression supported: 1
2023/06/27-15:20:37.536508 7ff94dc42700 	kSnappyCompression supported: 1
2023/06/27-15:20:37.536518 7ff94dc42700 Fast CRC32 supported: Not supported on x86
2023/06/27-15:20:37.571449 7ff94dc42700 [/db_impl/db_impl_open.cc:298] Creating manifest 1 
2023/06/27-15:20:37.622779 7ff94dc42700 [/version_set.cc:4737] Recovering from manifest file: /data/default/data_backlinks/auth_graph/MANIFEST-000001
2023/06/27-15:20:37.627757 7ff94dc42700 [/column_family.cc:604] --------------- Options for column family [default]:
2023/06/27-15:20:37.627778 7ff94dc42700               Options.comparator: leveldb.BytewiseComparator
2023/06/27-15:20:37.627782 7ff94dc42700           Options.merge_operator: None
2023/06/27-15:20:37.627785 7ff94dc42700        Options.compaction_filter: None
2023/06/27-15:20:37.627787 7ff94dc42700        Options.compaction_filter_factory: None
2023/06/27-15:20:37.627789 7ff94dc42700  Options.sst_partitioner_factory: None
2023/06/27-15:20:37.627792 7ff94dc42700         Options.memtable_factory: SkipListFactory
2023/06/27-15:20:37.627798 7ff94dc42700            Options.table_factory: BlockBasedTable
2023/06/27-15:20:37.627868 7ff94dc42700            table_factory options:   flush_block_policy_factory: FlushBlockBySizePolicyFactory (0x7ff948ad6aa0)
  cache_index_and_filter_blocks: 0
  cache_index_and_filter_blocks_with_high_priority: 1
  pin_l0_filter_and_index_blocks_in_cache: 0
  pin_top_level_index_and_filter: 1
  index_type: 0
  data_block_index_type: 0
  index_shortening: 1
  data_block_hash_table_util_ratio: 0.750000
  hash_index_allow_collision: 1
  checksum: 1
  no_block_cache: 0
  block_cache: 0x7ff9485823b0
  block_cache_name: LRUCache
  block_cache_options:
    capacity : 8388608
    num_shard_bits : 4
    strict_capacity_limit : 0
    memory_allocator : None
    high_pri_pool_ratio: 0.000
  block_cache_compressed: (nil)
  persistent_cache: (nil)
  block_size: 4096
  block_size_deviation: 10
  block_restart_interval: 16
  index_block_restart_interval: 1
  metadata_block_size: 4096
  partition_filters: 0
  use_delta_encoding: 1
  filter_policy: nullptr
  whole_key_filtering: 1
  verify_compression: 0
  read_amp_bytes_per_bit: 0
  format_version: 5
  enable_index_compression: 1
  block_align: 0
  max_auto_readahead_size: 262144
  prepopulate_block_cache: 0
2023/06/27-15:20:37.627873 7ff94dc42700        Options.write_buffer_size: 67108864
2023/06/27-15:20:37.627875 7ff94dc42700  Options.max_write_buffer_number: 2
2023/06/27-15:20:37.627879 7ff94dc42700          Options.compression: Snappy
2023/06/27-15:20:37.627882 7ff94dc42700                  Options.bottommost_compression: Disabled
2023/06/27-15:20:37.627884 7ff94dc42700       Options.prefix_extractor: nullptr
2023/06/27-15:20:37.627886 7ff94dc42700   Options.memtable_insert_with_hint_prefix_extractor: nullptr
2023/06/27-15:20:37.627888 7ff94dc42700             Options.num_levels: 7
2023/06/27-15:20:37.627890 7ff94dc42700        Options.min_write_buffer_number_to_merge: 1
2023/06/27-15:20:37.627893 7ff94dc42700     Options.max_write_buffer_number_to_maintain: 0
2023/06/27-15:20:37.627895 7ff94dc42700     Options.max_write_buffer_size_to_maintain: 0
2023/06/27-15:20:37.627897 7ff94dc42700            Options.bottommost_compression_opts.window_bits: -14
2023/06/27-15:20:37.627900 7ff94dc42700                  Options.bottommost_compression_opts.level: 32767
2023/06/27-15:20:37.627902 7ff94dc42700               Options.bottommost_compression_opts.strategy: 0
2023/06/27-15:20:37.627904 7ff94dc42700         Options.bottommost_compression_opts.max_dict_bytes: 0
2023/06/27-15:20:37.627907 7ff94dc42700         Options.bottommost_compression_opts.zstd_max_train_bytes: 0
2023/06/27-15:20:37.632853 7ff94dc42700         Options.bottommost_compression_opts.parallel_threads: 1
2023/06/27-15:20:37.632901 7ff94dc42700                  Options.bottommost_compression_opts.enabled: false
2023/06/27-15:20:37.632907 7ff94dc42700         Options.bottommost_compression_opts.max_dict_buffer_bytes: 0
2023/06/27-15:20:37.632911 7ff94dc42700            Options.compression_opts.window_bits: -14
2023/06/27-15:20:37.632914 7ff94dc42700                  Options.compression_opts.level: 32767
2023/06/27-15:20:37.632918 7ff94dc42700               Options.compression_opts.strategy: 0
2023/06/27-15:20:37.632922 7ff94dc42700         Options.compression_opts.max_dict_bytes: 0
2023/06/27-15:20:37.632925 7ff94dc42700         Options.compression_opts.zstd_max_train_bytes: 0
2023/06/27-15:20:37.632929 7ff94dc42700         Options.compression_opts.parallel_threads: 1
2023/06/27-15:20:37.632933 7ff94dc42700                  Options.compression_opts.enabled: false
2023/06/27-15:20:37.632937 7ff94dc42700         Options.compression_opts.max_dict_buffer_bytes: 0
2023/06/27-15:20:37.632942 7ff94dc42700      Options.level0_file_num_compaction_trigger: 4
2023/06/27-15:20:37.632945 7ff94dc42700          Options.level0_slowdown_writes_trigger: 20
2023/06/27-15:20:37.632952 7ff94dc42700              Options.level0_stop_writes_trigger: 36
2023/06/27-15:20:37.632956 7ff94dc42700                   Options.target_file_size_base: 67108864
2023/06/27-15:20:37.632959 7ff94dc42700             Options.target_file_size_multiplier: 1
2023/06/27-15:20:37.632961 7ff94dc42700                Options.max_bytes_for_level_base: 268435456
2023/06/27-15:20:37.632963 7ff94dc42700 Options.level_compaction_dynamic_level_bytes: 0
2023/06/27-15:20:37.632966 7ff94dc42700          Options.max_bytes_for_level_multiplier: 10.000000
2023/06/27-15:20:37.632978 7ff94dc42700 Options.max_bytes_for_level_multiplier_addtl[0]: 1
2023/06/27-15:20:37.632980 7ff94dc42700 Options.max_bytes_for_level_multiplier_addtl[1]: 1
2023/06/27-15:20:37.632983 7ff94dc42700 Options.max_bytes_for_level_multiplier_addtl[2]: 1
2023/06/27-15:20:37.632985 7ff94dc42700 Options.max_bytes_for_level_multiplier_addtl[3]: 1
2023/06/27-15:20:37.632987 7ff94dc42700 Options.max_bytes_for_level_multiplier_addtl[4]: 1
2023/06/27-15:20:37.632990 7ff94dc42700 Options.max_bytes_for_level_multiplier_addtl[5]: 1
2023/06/27-15:20:37.632992 7ff94dc42700 Options.max_bytes_for_level_multiplier_addtl[6]: 1
2023/06/27-15:20:37.632994 7ff94dc42700       Options.max_sequential_skip_in_iterations: 8
2023/06/27-15:20:37.632996 7ff94dc42700                    Options.max_compaction_bytes: 1677721600
2023/06/27-15:20:37.632998 7ff94dc42700                        Options.arena_block_size: 1048576
2023/06/27-15:20:37.633001 7ff94dc42700   Options.soft_pending_compaction_bytes_limit: 68719476736
2023/06/27-15:20:37.633003 7ff94dc42700   Options.hard_pending_compaction_bytes_limit: 274877906944
2023/06/27-15:20:37.633006 7ff94dc42700       Options.rate_limit_delay_max_milliseconds: 100
2023/06/27-15:20:37.633009 7ff94dc42700                Options.disable_auto_compactions: 0
2023/06/27-15:20:37.633017 7ff94dc42700                        Options.compaction_style: kCompactionStyleLevel
2023/06/27-15:20:37.633021 7ff94dc42700                          Options.compaction_pri: kMinOverlappingRatio
2023/06/27-15:20:37.633023 7ff94dc42700 Options.compaction_options_universal.size_ratio: 1
2023/06/27-15:20:37.633026 7ff94dc42700 Options.compaction_options_universal.min_merge_width: 2
2023/06/27-15:20:37.633028 7ff94dc42700 Options.compaction_options_universal.max_merge_width: 4294967295
2023/06/27-15:20:37.633030 7ff94dc42700 Options.compaction_options_universal.max_size_amplification_percent: 200
2023/06/27-15:20:37.633032 7ff94dc42700 Options.compaction_options_universal.compression_size_percent: -1
2023/06/27-15:20:37.633035 7ff94dc42700 Options.compaction_options_universal.stop_style: kCompactionStopStyleTotalSize
2023/06/27-15:20:37.633038 7ff94dc42700 Options.compaction_options_fifo.max_table_files_size: 1073741824
2023/06/27-15:20:37.635367 7ff94dc42700 Options.compaction_options_fifo.allow_compaction: 0
2023/06/27-15:20:37.635393 7ff94dc42700                   Options.table_properties_collectors: 
2023/06/27-15:20:37.635397 7ff94dc42700                   Options.inplace_update_support: 0
2023/06/27-15:20:37.635399 7ff94dc42700                 Options.inplace_update_num_locks: 10000
2023/06/27-15:20:37.635402 7ff94dc42700               Options.memtable_prefix_bloom_size_ratio: 0.000000
2023/06/27-15:20:37.635408 7ff94dc42700               Options.memtable_whole_key_filtering: 0
2023/06/27-15:20:37.635410 7ff94dc42700   Options.memtable_huge_page_size: 0
2023/06/27-15:20:37.635412 7ff94dc42700                           Options.bloom_locality: 0
2023/06/27-15:20:37.635414 7ff94dc42700                    Options.max_successive_merges: 0
2023/06/27-15:20:37.635416 7ff94dc42700                Options.optimize_filters_for_hits: 0
2023/06/27-15:20:37.635418 7ff94dc42700                Options.paranoid_file_checks: 0
2023/06/27-15:20:37.635420 7ff94dc42700                Options.force_consistency_checks: 1
2023/06/27-15:20:37.635422 7ff94dc42700                Options.report_bg_io_stats: 0
2023/06/27-15:20:37.635428 7ff94dc42700                               Options.ttl: 2592000
2023/06/27-15:20:37.635432 7ff94dc42700          Options.periodic_compaction_seconds: 0
2023/06/27-15:20:37.635435 7ff94dc42700                    Options.enable_blob_files: false
2023/06/27-15:20:37.635437 7ff94dc42700                        Options.min_blob_size: 0
2023/06/27-15:20:37.635440 7ff94dc42700                       Options.blob_file_size: 268435456
2023/06/27-15:20:37.635445 7ff94dc42700                Options.blob_compression_type: NoCompression
2023/06/27-15:20:37.635448 7ff94dc42700       Options.enable_blob_garbage_collection: false
2023/06/27-15:20:37.635449 7ff94dc42700   Options.blob_garbage_collection_age_cutoff: 0.250000
2023/06/27-15:20:37.638037 7ff94dc42700 [/version_set.cc:4785] Recovered from manifest file:/data/default/data_backlinks/auth_graph/MANIFEST-000001 succeeded,manifest_file_number is 1, next_file_number is 3, last_sequence is 0, log_number is 0,prev_log_number is 0,max_column_family is 0,min_log_number_to_keep is 0
2023/06/27-15:20:37.638046 7ff94dc42700 [/version_set.cc:4794] Column family [default] (ID 0), log number is 0
2023/06/27-15:20:37.653748 7ff94dc42700 [/version_set.cc:4275] Creating manifest 4
2023/06/27-15:20:37.787568 7ff94dc42700 [/db_impl/db_impl_open.cc:1779] SstFileManager instance 0x7ff9486473d0
2023/06/27-15:20:37.789839 7ff94dc42700 DB pointer 0x7ff948645e00
2023/06/27-15:20:49.792069 7ff8ca7f4700 [/db_impl/db_impl.cc:1002] ------- DUMPING STATS -------
2023/06/27-15:20:49.794496 7ff8ca7f4700 [/db_impl/db_impl.cc:1003] 
** DB Stats **
Uptime(secs): 12.2 total, 12.2 interval
Cumulative writes: 0 writes, 0 keys, 0 commit groups, 0.0 writes per commit group, ingest: 0.00 GB, 0.00 MB/s
Cumulative WAL: 0 writes, 0 syncs, 0.00 writes per sync, written: 0.00 GB, 0.00 MB/s
Cumulative stall: 00:00:0.000 H:M:S, 0.0 percent
Interval writes: 0 writes, 0 keys, 0 commit groups, 0.0 writes per commit group, ingest: 0.00 MB, 0.00 MB/s
Interval WAL: 0 writes, 0 syncs, 0.00 writes per sync, written: 0.00 GB, 0.00 MB/s
Interval stall: 00:00:0.000 H:M:S, 0.0 percent

** Compaction Stats [default] **
Level    Files   Size     Score Read(GB)  Rn(GB) Rnp1(GB) Write(GB) Wnew(GB) Moved(GB) W-Amp Rd(MB/s) Wr(MB/s) Comp(sec) CompMergeCPU(sec) Comp(cnt) Avg(sec) KeyIn KeyDrop Rblob(GB) Wblob(GB)
------------------------------------------------------------------------------------------------------------------------------------------------------------------------------------------------
 Sum      0/0    0.00 KB   0.0      0.0     0.0      0.0       0.0      0.0       0.0   0.0      0.0      0.0      0.00              0.00         0    0.000       0      0       0.0       0.0
 Int      0/0    0.00 KB   0.0      0.0     0.0      0.0       0.0      0.0       0.0   0.0      0.0      0.0      0.00              0.00         0    0.000       0      0       0.0       0.0

** Compaction Stats [default] **
Priority    Files   Size     Score Read(GB)  Rn(GB) Rnp1(GB) Write(GB) Wnew(GB) Moved(GB) W-Amp Rd(MB/s) Wr(MB/s) Comp(sec) CompMergeCPU(sec) Comp(cnt) Avg(sec) KeyIn KeyDrop Rblob(GB) Wblob(GB)
---------------------------------------------------------------------------------------------------------------------------------------------------------------------------------------------------

Blob file count: 0, total size: 0.0 GB

Uptime(secs): 12.2 total, 12.2 interval
Flush(GB): cumulative 0.000, interval 0.000
AddFile(GB): cumulative 0.000, interval 0.000
AddFile(Total Files): cumulative 0, interval 0
AddFile(L0 Files): cumulative 0, interval 0
AddFile(Keys): cumulative 0, interval 0
Cumulative compaction: 0.00 GB write, 0.00 MB/s write, 0.00 GB read, 0.00 MB/s read, 0.0 seconds
Interval compaction: 0.00 GB write, 0.00 MB/s write, 0.00 GB read, 0.00 MB/s read, 0.0 seconds
Stalls(count): 0 level0_slowdown, 0 level0_slowdown_with_compaction, 0 level0_numfiles, 0 level0_numfiles_with_compaction, 0 stop for pending_compaction_bytes, 0 slowdown for pending_compaction_bytes, 0 memtable_compaction, 0 memtable_slowdown, interval 0 total count
Block cache LRUCache@0x7ff9485823b0#1 capacity: 8.00 MB collections: 1 last_copies: 0 last_secs: 5.5e-05 secs_since: 0
Block cache entry stats(count,size,portion): Misc(1,0.00 KB,0%)

** File Read Latency Histogram By Level [default] **
2023/06/27-15:22:40.005532 7ff8e8164700 [/db_impl/db_impl.cc:472] Shutdown: canceling all background work
2023/06/27-15:22:40.027247 7ff8e8164700 [/db_impl/db_impl.cc:684] Shutdown complete
