2023/06/27-15:20:38.120039 7ff94dc42700 RocksDB version: 6.25.3
2023/06/27-15:20:38.122241 7ff94dc42700 Compile date 2021-10-26 19:09:28
2023/06/27-15:20:38.122260 7ff94dc42700 DB SUMMARY
2023/06/27-15:20:38.122264 7ff94dc42700 DB Session ID:  KAG0WTDASDI5XSBY6NEQ
2023/06/27-15:20:38.125036 7ff94dc42700 SST files in /data/default/data_backlinks/hub_graph dir, Total Num: 0, files: 
2023/06/27-15:20:38.125054 7ff94dc42700 Write Ahead Log file in /data/default/data_backlinks/hub_graph: 
2023/06/27-15:20:38.125059 7ff94dc42700                         Options.error_if_exists: 0
2023/06/27-15:20:38.125063 7ff94dc42700                       Options.create_if_missing: 1
2023/06/27-15:20:38.125065 7ff94dc42700                         Options.paranoid_checks: 1
2023/06/27-15:20:38.125068 7ff94dc42700             Options.flush_verify_memtable_count: 1
2023/06/27-15:20:38.125070 7ff94dc42700                               Options.track_and_verify_wals_in_manifest: 0
2023/06/27-15:20:38.125073 7ff94dc42700                                     Options.env: 0x7ff8ebbd96e0
2023/06/27-15:20:38.125076 7ff94dc42700                                      Options.fs: Posix File System
2023/06/27-15:20:38.125078 7ff94dc42700                                Options.info_log: 0x7ff948100040
2023/06/27-15:20:38.125081 7ff94dc42700                Options.max_file_opening_threads: 16
2023/06/27-15:20:38.125084 7ff94dc42700                              Options.statistics: (nil)
2023/06/27-15:20:38.125086 7ff94dc42700                               Options.use_fsync: 0
2023/06/27-15:20:38.125089 7ff94dc42700                       Options.max_log_file_size: 0
2023/06/27-15:20:38.125091 7ff94dc42700                  Options.max_manifest_file_size: 1073741824
2023/06/27-15:20:38.125094 7ff94dc42700                   Options.log_file_time_to_roll: 0
2023/06/27-15:20:38.125097 7ff94dc42700                       Options.keep_log_file_num: 1000
2023/06/27-15:20:38.125099 7ff94dc42700                    Options.recycle_log_file_num: 0
2023/06/27-15:20:38.125102 7ff94dc42700                         Options.allow_fallocate: 1
2023/06/27-15:20:38.125104 7ff94dc42700                        Options.allow_mmap_reads: 0
2023/06/27-15:20:38.125107 7ff94dc42700                       Options.allow_mmap_writes: 0
2023/06/27-15:20:38.125109 7ff94dc42700                        Options.use_direct_reads: 0
2023/06/27-15:20:38.125111 7ff94dc42700                        Options.use_direct_io_for_flush_and_compaction: 0
2023/06/27-15:20:38.125114 7ff94dc42700          Options.create_missing_column_families: 0
2023/06/27-15:20:38.125116 7ff94dc42700                              Options.db_log_dir: 
2023/06/27-15:20:38.125119 7ff94dc42700                                 Options.wal_dir: 
2023/06/27-15:20:38.125121 7ff94dc42700                Options.table_cache_numshardbits: 6
2023/06/27-15:20:38.125124 7ff94dc42700                         Options.WAL_ttl_seconds: 0
2023/06/27-15:20:38.125126 7ff94dc42700                       Options.WAL_size_limit_MB: 0
2023/06/27-15:20:38.125129 7ff94dc42700                        Options.max_write_batch_group_size_bytes: 1048576
2023/06/27-15:20:38.125132 7ff94dc42700             Options.manifest_preallocation_size: 4194304
2023/06/27-15:20:38.125134 7ff94dc42700                     Options.is_fd_close_on_exec: 1
2023/06/27-15:20:38.125137 7ff94dc42700                   Options.advise_random_on_open: 1
2023/06/27-15:20:38.125139 7ff94dc42700                   Options.experimental_mempurge_threshold: 0.000000
2023/06/27-15:20:38.125145 7ff94dc42700                    Options.db_write_buffer_size: 0
2023/06/27-15:20:38.125147 7ff94dc42700                    Options.write_buffer_manager: 0x7ff948b58120
2023/06/27-15:20:38.125150 7ff94dc42700         Options.access_hint_on_compaction_start: 1
2023/06/27-15:20:38.125152 7ff94dc42700  Options.new_table_reader_for_compaction_inputs: 0
2023/06/27-15:20:38.125155 7ff94dc42700           Options.random_access_max_buffer_size: 1048576
2023/06/27-15:20:38.125157 7ff94dc42700                      Options.use_adaptive_mutex: 0
2023/06/27-15:20:38.125160 7ff94dc42700                            Options.rate_limiter: (nil)
2023/06/27-15:20:38.127358 7ff94dc42700     Options.sst_file_manager.rate_bytes_per_sec: 0
2023/06/27-15:20:38.127376 7ff94dc42700                       Options.wal_recovery_mode: 2
2023/06/27-15:20:38.127381 7ff94dc42700                  Options.enable_thread_tracking: 0
2023/06/27-15:20:38.127386 7ff94dc42700                  Options.enable_pipelined_write: 0
2023/06/27-15:20:38.127388 7ff94dc42700                  Options.unordered_write: 0
2023/06/27-15:20:38.127391 7ff94dc42700         Options.allow_concurrent_memtable_write: 1
2023/06/27-15:20:38.127395 7ff94dc42700      Options.enable_write_thread_adaptive_yield: 1
2023/06/27-15:20:38.127399 7ff94dc42700             Options.write_thread_max_yield_usec: 100
2023/06/27-15:20:38.127402 7ff94dc42700            Options.write_thread_slow_yield_usec: 3
2023/06/27-15:20:38.127409 7ff94dc42700                               Options.row_cache: None
2023/06/27-15:20:38.127412 7ff94dc42700                              Options.wal_filter: None
2023/06/27-15:20:38.127415 7ff94dc42700             Options.avoid_flush_during_recovery: 0
2023/06/27-15:20:38.127417 7ff94dc42700             Options.allow_ingest_behind: 0
2023/06/27-15:20:38.127419 7ff94dc42700             Options.preserve_deletes: 0
2023/06/27-15:20:38.127421 7ff94dc42700             Options.two_write_queues: 0
2023/06/27-15:20:38.127422 7ff94dc42700             Options.manual_wal_flush: 0
2023/06/27-15:20:38.127423 7ff94dc42700             Options.atomic_flush: 0
2023/06/27-15:20:38.127424 7ff94dc42700             Options.avoid_unnecessary_blocking_io: 0
2023/06/27-15:20:38.127425 7ff94dc42700                 Options.persist_stats_to_disk: 0
2023/06/27-15:20:38.127427 7ff94dc42700                 Options.write_dbid_to_manifest: 0
2023/06/27-15:20:38.127428 7ff94dc42700                 Options.log_readahead_size: 0
2023/06/27-15:20:38.127429 7ff94dc42700                 Options.file_checksum_gen_factory: Unknown
2023/06/27-15:20:38.127431 7ff94dc42700                 Options.best_efforts_recovery: 0
2023/06/27-15:20:38.127432 7ff94dc42700                Options.max_bgerror_resume_count: 2147483647
2023/06/27-15:20:38.127433 7ff94dc42700            Options.bgerror_resume_retry_interval: 1000000
2023/06/27-15:20:38.127434 7ff94dc42700             Options.allow_data_in_errors: 0
2023/06/27-15:20:38.127436 7ff94dc42700             Options.db_host_id: __hostname__
2023/06/27-15:20:38.127439 7ff94dc42700             Options.max_background_jobs: 2
2023/06/27-15:20:38.127442 7ff94dc42700             Options.max_background_compactions: -1
2023/06/27-15:20:38.127444 7ff94dc42700             Options.max_subcompactions: 1
2023/06/27-15:20:38.127446 7ff94dc42700             Options.avoid_flush_during_shutdown: 0
2023/06/27-15:20:38.127448 7ff94dc42700           Options.writable_file_max_buffer_size: 1048576
2023/06/27-15:20:38.127450 7ff94dc42700             Options.delayed_write_rate : 16777216
2023/06/27-15:20:38.127452 7ff94dc42700             Options.max_total_wal_size: 0
2023/06/27-15:20:38.127454 7ff94dc42700             Options.delete_obsolete_files_period_micros: 21600000000
2023/06/27-15:20:38.127457 7ff94dc42700                   Options.stats_dump_period_sec: 600
2023/06/27-15:20:38.127459 7ff94dc42700                 Options.stats_persist_period_sec: 600
2023/06/27-15:20:38.127461 7ff94dc42700                 Options.stats_history_buffer_size: 1048576
2023/06/27-15:20:38.127463 7ff94dc42700                          Options.max_open_files: -1
2023/06/27-15:20:38.127465 7ff94dc42700                          Options.bytes_per_sync: 0
2023/06/27-15:20:38.127467 7ff94dc42700                      Options.wal_bytes_per_sync: 0
2023/06/27-15:20:38.127469 7ff94dc42700                   Options.strict_bytes_per_sync: 0
2023/06/27-15:20:38.127471 7ff94dc42700       Options.compaction_readahead_size: 0
2023/06/27-15:20:38.127473 7ff94dc42700                  Options.max_background_flushes: -1
2023/06/27-15:20:38.127475 7ff94dc42700 Compression algorithms supported:
2023/06/27-15:20:38.127481 7ff94dc42700 	kZSTDNotFinalCompression supported: 1
2023/06/27-15:20:38.130440 7ff94dc42700 	kZSTD supported: 1
2023/06/27-15:20:38.130495 7ff94dc42700 	kXpressCompression supported: 0
2023/06/27-15:20:38.130499 7ff94dc42700 	kLZ4HCCompression supported: 1
2023/06/27-15:20:38.130503 7ff94dc42700 	kLZ4Compression supported: 1
2023/06/27-15:20:38.130505 7ff94dc42700 	kBZip2Compression supported: 1
2023/06/27-15:20:38.130507 7ff94dc42700 	kZlibCompression supported: 1
2023/06/27-15:20:38.130509 7ff94dc42700 	kSnappyCompression supported: 1
2023/06/27-15:20:38.130537 7ff94dc42700 Fast CRC32 supported: Not supported on x86
2023/06/27-15:20:38.172764 7ff94dc42700 [/db_impl/db_impl_open.cc:298] Creating manifest 1 
2023/06/27-15:20:38.222010 7ff94dc42700 [/version_set.cc:4737] Recovering from manifest file: /data/default/data_backlinks/hub_graph/MANIFEST-000001
2023/06/27-15:20:38.226906 7ff94dc42700 [/column_family.cc:604] --------------- Options for column family [default]:
2023/06/27-15:20:38.226925 7ff94dc42700               Options.comparator: leveldb.BytewiseComparator
2023/06/27-15:20:38.226928 7ff94dc42700           Options.merge_operator: None
2023/06/27-15:20:38.226931 7ff94dc42700        Options.compaction_filter: None
2023/06/27-15:20:38.226934 7ff94dc42700        Options.compaction_filter_factory: None
2023/06/27-15:20:38.226936 7ff94dc42700  Options.sst_partitioner_factory: None
2023/06/27-15:20:38.226939 7ff94dc42700         Options.memtable_factory: SkipListFactory
2023/06/27-15:20:38.226942 7ff94dc42700            Options.table_factory: BlockBasedTable
2023/06/27-15:20:38.226994 7ff94dc42700            table_factory options:   flush_block_policy_factory: FlushBlockBySizePolicyFactory (0x7ff948c14cb0)
  cache_index_and_filter_blocks: 0
  cache_index_and_filter_blocks_with_high_priority: 1
  pin_l0_filter_and_index_blocks_in_cache: 0
  pin_top_level_index_and_filter: 1
  index_type: 0
  data_block_index_type: 0
  index_shortening: 1
  data_block_hash_table_util_ratio: 0.750000
  hash_index_allow_collision: 1
  checksum: 1
  no_block_cache: 0
  block_cache: 0x7ff9481002b0
  block_cache_name: LRUCache
  block_cache_options:
    capacity : 8388608
    num_shard_bits : 4
    strict_capacity_limit : 0
    memory_allocator : None
    high_pri_pool_ratio: 0.000
  block_cache_compressed: (nil)
  persistent_cache: (nil)
  block_size: 4096
  block_size_deviation: 10
  block_restart_interval: 16
  index_block_restart_interval: 1
  metadata_block_size: 4096
  partition_filters: 0
  use_delta_encoding: 1
  filter_policy: nullptr
  whole_key_filtering: 1
  verify_compression: 0
  read_amp_bytes_per_bit: 0
  format_version: 5
  enable_index_compression: 1
  block_align: 0
  max_auto_readahead_size: 262144
  prepopulate_block_cache: 0
2023/06/27-15:20:38.227001 7ff94dc42700        Options.write_buffer_size: 67108864
2023/06/27-15:20:38.227004 7ff94dc42700  Options.max_write_buffer_number: 2
2023/06/27-15:20:38.227007 7ff94dc42700          Options.compression: Snappy
2023/06/27-15:20:38.227010 7ff94dc42700                  Options.bottommost_compression: Disabled
2023/06/27-15:20:38.227013 7ff94dc42700       Options.prefix_extractor: nullptr
2023/06/27-15:20:38.227016 7ff94dc42700   Options.memtable_insert_with_hint_prefix_extractor: nullptr
2023/06/27-15:20:38.227018 7ff94dc42700             Options.num_levels: 7
2023/06/27-15:20:38.227020 7ff94dc42700        Options.min_write_buffer_number_to_merge: 1
2023/06/27-15:20:38.227023 7ff94dc42700     Options.max_write_buffer_number_to_maintain: 0
2023/06/27-15:20:38.227025 7ff94dc42700     Options.max_write_buffer_size_to_maintain: 0
2023/06/27-15:20:38.227028 7ff94dc42700            Options.bottommost_compression_opts.window_bits: -14
2023/06/27-15:20:38.227031 7ff94dc42700                  Options.bottommost_compression_opts.level: 32767
2023/06/27-15:20:38.227033 7ff94dc42700               Options.bottommost_compression_opts.strategy: 0
2023/06/27-15:20:38.227036 7ff94dc42700         Options.bottommost_compression_opts.max_dict_bytes: 0
2023/06/27-15:20:38.227038 7ff94dc42700         Options.bottommost_compression_opts.zstd_max_train_bytes: 0
2023/06/27-15:20:38.229806 7ff94dc42700         Options.bottommost_compression_opts.parallel_threads: 1
2023/06/27-15:20:38.229892 7ff94dc42700                  Options.bottommost_compression_opts.enabled: false
2023/06/27-15:20:38.229897 7ff94dc42700         Options.bottommost_compression_opts.max_dict_buffer_bytes: 0
2023/06/27-15:20:38.229900 7ff94dc42700            Options.compression_opts.window_bits: -14
2023/06/27-15:20:38.229903 7ff94dc42700                  Options.compression_opts.level: 32767
2023/06/27-15:20:38.229907 7ff94dc42700               Options.compression_opts.strategy: 0
2023/06/27-15:20:38.229911 7ff94dc42700         Options.compression_opts.max_dict_bytes: 0
2023/06/27-15:20:38.229914 7ff94dc42700         Options.compression_opts.zstd_max_train_bytes: 0
2023/06/27-15:20:38.229916 7ff94dc42700         Options.compression_opts.parallel_threads: 1
2023/06/27-15:20:38.229918 7ff94dc42700                  Options.compression_opts.enabled: false
2023/06/27-15:20:38.229920 7ff94dc42700         Options.compression_opts.max_dict_buffer_bytes: 0
2023/06/27-15:20:38.229921 7ff94dc42700      Options.level0_file_num_compaction_trigger: 4
2023/06/27-15:20:38.229925 7ff94dc42700          Options.level0_slowdown_writes_trigger: 20
2023/06/27-15:20:38.229928 7ff94dc42700              Options.level0_stop_writes_trigger: 36
2023/06/27-15:20:38.229932 7ff94dc42700                   Options.target_file_size_base: 67108864
2023/06/27-15:20:38.229936 7ff94dc42700             Options.target_file_size_multiplier: 1
2023/06/27-15:20:38.229947 7ff94dc42700                Options.max_bytes_for_level_base: 268435456
2023/06/27-15:20:38.229951 7ff94dc42700 Options.level_compaction_dynamic_level_bytes: 0
2023/06/27-15:20:38.229957 7ff94dc42700          Options.max_bytes_for_level_multiplier: 10.000000
2023/06/27-15:20:38.229985 7ff94dc42700 Options.max_bytes_for_level_multiplier_addtl[0]: 1
2023/06/27-15:20:38.229990 7ff94dc42700 Options.max_bytes_for_level_multiplier_addtl[1]: 1
2023/06/27-15:20:38.229993 7ff94dc42700 Options.max_bytes_for_level_multiplier_addtl[2]: 1
2023/06/27-15:20:38.229996 7ff94dc42700 Options.max_bytes_for_level_multiplier_addtl[3]: 1
2023/06/27-15:20:38.229997 7ff94dc42700 Options.max_bytes_for_level_multiplier_addtl[4]: 1
2023/06/27-15:20:38.229999 7ff94dc42700 Options.max_bytes_for_level_multiplier_addtl[5]: 1
2023/06/27-15:20:38.230002 7ff94dc42700 Options.max_bytes_for_level_multiplier_addtl[6]: 1
2023/06/27-15:20:38.230005 7ff94dc42700       Options.max_sequential_skip_in_iterations: 8
2023/06/27-15:20:38.230007 7ff94dc42700                    Options.max_compaction_bytes: 1677721600
2023/06/27-15:20:38.230009 7ff94dc42700                        Options.arena_block_size: 1048576
2023/06/27-15:20:38.230012 7ff94dc42700   Options.soft_pending_compaction_bytes_limit: 68719476736
2023/06/27-15:20:38.230016 7ff94dc42700   Options.hard_pending_compaction_bytes_limit: 274877906944
2023/06/27-15:20:38.230030 7ff94dc42700       Options.rate_limit_delay_max_milliseconds: 100
2023/06/27-15:20:38.230036 7ff94dc42700                Options.disable_auto_compactions: 0
2023/06/27-15:20:38.230052 7ff94dc42700                        Options.compaction_style: kCompactionStyleLevel
2023/06/27-15:20:38.230058 7ff94dc42700                          Options.compaction_pri: kMinOverlappingRatio
2023/06/27-15:20:38.230062 7ff94dc42700 Options.compaction_options_universal.size_ratio: 1
2023/06/27-15:20:38.230065 7ff94dc42700 Options.compaction_options_universal.min_merge_width: 2
2023/06/27-15:20:38.230068 7ff94dc42700 Options.compaction_options_universal.max_merge_width: 4294967295
2023/06/27-15:20:38.230071 7ff94dc42700 Options.compaction_options_universal.max_size_amplification_percent: 200
2023/06/27-15:20:38.230074 7ff94dc42700 Options.compaction_options_universal.compression_size_percent: -1
2023/06/27-15:20:38.230081 7ff94dc42700 Options.compaction_options_universal.stop_style: kCompactionStopStyleTotalSize
2023/06/27-15:20:38.230086 7ff94dc42700 Options.compaction_options_fifo.max_table_files_size: 1073741824
2023/06/27-15:20:38.234941 7ff94dc42700 Options.compaction_options_fifo.allow_compaction: 0
2023/06/27-15:20:38.234973 7ff94dc42700                   Options.table_properties_collectors: 
2023/06/27-15:20:38.234978 7ff94dc42700                   Options.inplace_update_support: 0
2023/06/27-15:20:38.234981 7ff94dc42700                 Options.inplace_update_num_locks: 10000
2023/06/27-15:20:38.234985 7ff94dc42700               Options.memtable_prefix_bloom_size_ratio: 0.000000
2023/06/27-15:20:38.235041 7ff94dc42700               Options.memtable_whole_key_filtering: 0
2023/06/27-15:20:38.235046 7ff94dc42700   Options.memtable_huge_page_size: 0
2023/06/27-15:20:38.235048 7ff94dc42700                           Options.bloom_locality: 0
2023/06/27-15:20:38.235049 7ff94dc42700                    Options.max_successive_merges: 0
2023/06/27-15:20:38.235050 7ff94dc42700                Options.optimize_filters_for_hits: 0
2023/06/27-15:20:38.235051 7ff94dc42700                Options.paranoid_file_checks: 0
2023/06/27-15:20:38.235053 7ff94dc42700                Options.force_consistency_checks: 1
2023/06/27-15:20:38.235054 7ff94dc42700                Options.report_bg_io_stats: 0
2023/06/27-15:20:38.235055 7ff94dc42700                               Options.ttl: 2592000
2023/06/27-15:20:38.235056 7ff94dc42700          Options.periodic_compaction_seconds: 0
2023/06/27-15:20:38.235058 7ff94dc42700                    Options.enable_blob_files: false
2023/06/27-15:20:38.235059 7ff94dc42700                        Options.min_blob_size: 0
2023/06/27-15:20:38.235061 7ff94dc42700                       Options.blob_file_size: 268435456
2023/06/27-15:20:38.235065 7ff94dc42700                Options.blob_compression_type: NoCompression
2023/06/27-15:20:38.235068 7ff94dc42700       Options.enable_blob_garbage_collection: false
2023/06/27-15:20:38.235069 7ff94dc42700   Options.blob_garbage_collection_age_cutoff: 0.250000
2023/06/27-15:20:38.237441 7ff94dc42700 [/version_set.cc:4785] Recovered from manifest file:/data/default/data_backlinks/hub_graph/MANIFEST-000001 succeeded,manifest_file_number is 1, next_file_number is 3, last_sequence is 0, log_number is 0,prev_log_number is 0,max_column_family is 0,min_log_number_to_keep is 0
2023/06/27-15:20:38.237450 7ff94dc42700 [/version_set.cc:4794] Column family [default] (ID 0), log number is 0
2023/06/27-15:20:38.252067 7ff94dc42700 [/version_set.cc:4275] Creating manifest 4
2023/06/27-15:20:38.372791 7ff94dc42700 [/db_impl/db_impl_open.cc:1779] SstFileManager instance 0x7ff948b58800
2023/06/27-15:20:38.375366 7ff94dc42700 DB pointer 0x7ff948c15f00
2023/06/27-15:20:56.377748 7ff8ca7f4700 [/db_impl/db_impl.cc:1002] ------- DUMPING STATS -------
2023/06/27-15:20:56.382425 7ff8ca7f4700 [/db_impl/db_impl.cc:1003] 
** DB Stats **
Uptime(secs): 18.2 total, 18.2 interval
Cumulative writes: 0 writes, 0 keys, 0 commit groups, 0.0 writes per commit group, ingest: 0.00 GB, 0.00 MB/s
Cumulative WAL: 0 writes, 0 syncs, 0.00 writes per sync, written: 0.00 GB, 0.00 MB/s
Cumulative stall: 00:00:0.000 H:M:S, 0.0 percent
Interval writes: 0 writes, 0 keys, 0 commit groups, 0.0 writes per commit group, ingest: 0.00 MB, 0.00 MB/s
Interval WAL: 0 writes, 0 syncs, 0.00 writes per sync, written: 0.00 GB, 0.00 MB/s
Interval stall: 00:00:0.000 H:M:S, 0.0 percent

** Compaction Stats [default] **
Level    Files   Size     Score Read(GB)  Rn(GB) Rnp1(GB) Write(GB) Wnew(GB) Moved(GB) W-Amp Rd(MB/s) Wr(MB/s) Comp(sec) CompMergeCPU(sec) Comp(cnt) Avg(sec) KeyIn KeyDrop Rblob(GB) Wblob(GB)
------------------------------------------------------------------------------------------------------------------------------------------------------------------------------------------------
 Sum      0/0    0.00 KB   0.0      0.0     0.0      0.0       0.0      0.0       0.0   0.0      0.0      0.0      0.00              0.00         0    0.000       0      0       0.0       0.0
 Int      0/0    0.00 KB   0.0      0.0     0.0      0.0       0.0      0.0       0.0   0.0      0.0      0.0      0.00              0.00         0    0.000       0      0       0.0       0.0

** Compaction Stats [default] **
Priority    Files   Size     Score Read(GB)  Rn(GB) Rnp1(GB) Write(GB) Wnew(GB) Moved(GB) W-Amp Rd(MB/s) Wr(MB/s) Comp(sec) CompMergeCPU(sec) Comp(cnt) Avg(sec) KeyIn KeyDrop Rblob(GB) Wblob(GB)
---------------------------------------------------------------------------------------------------------------------------------------------------------------------------------------------------

Blob file count: 0, total size: 0.0 GB

Uptime(secs): 18.2 total, 18.2 interval
Flush(GB): cumulative 0.000, interval 0.000
AddFile(GB): cumulative 0.000, interval 0.000
AddFile(Total Files): cumulative 0, interval 0
AddFile(L0 Files): cumulative 0, interval 0
AddFile(Keys): cumulative 0, interval 0
Cumulative compaction: 0.00 GB write, 0.00 MB/s write, 0.00 GB read, 0.00 MB/s read, 0.0 seconds
Interval compaction: 0.00 GB write, 0.00 MB/s write, 0.00 GB read, 0.00 MB/s read, 0.0 seconds
Stalls(count): 0 level0_slowdown, 0 level0_slowdown_with_compaction, 0 level0_numfiles, 0 level0_numfiles_with_compaction, 0 stop for pending_compaction_bytes, 0 slowdown for pending_compaction_bytes, 0 memtable_compaction, 0 memtable_slowdown, interval 0 total count
Block cache LRUCache@0x7ff9481002b0#1 capacity: 8.00 MB collections: 1 last_copies: 0 last_secs: 0.000117 secs_since: 0
Block cache entry stats(count,size,portion): Misc(1,0.00 KB,0%)

** File Read Latency Histogram By Level [default] **
2023/06/27-15:22:40.095148 7ff8e8164700 [/db_impl/db_impl.cc:472] Shutdown: canceling all background work
2023/06/27-15:22:40.145900 7ff8e8164700 [/db_impl/db_impl.cc:684] Shutdown complete
